pelvis_tilt.offset              	0.064053452	0.058682551	0.016010073	
hip_flexion_r.offset            	0.11458668	0.093096615	0.016074512	
knee_angle_r.offset             	-0.085401362	-0.08179409	0.016387508	
ankle_angle_r.offset            	0.077226272	0.093187216	0.016806818	
hip_flexion_l.offset            	-0.12098527	-0.13057504	0.016474812	
knee_angle_l.offset             	-0.080575364	-0.085694297	0.016753292	
ankle_angle_l.offset            	-0.24452149	-0.268693	0.017492922	
stance_load_threshold           	0.17541849	0.16635309	0.016981114	
S11111.tib_ant.KL               	0.58645015	0.64732351	0.037384196	
S11111.tib_ant.L0               	0.60302867	0.61504789	0.02302968	
S11111.tib_ant-soleus.KF        	-0.079593429	-0.097074455	0.017011932	
S00111.soleus.KF                	1.2051739	1.2600219	0.035619502	
S00111.gastroc.KF               	1.3657794	1.3398746	0.035674887	
S00011.vasti.KF                 	1.0221116	1.0760139	0.036428474	
S00011.vasti.C0                 	0.19018777	0.18827227	0.015911033	
S00011.vasti-knee_angle.pos_max 	-0.18200284	-0.15991171	0.016451434	
S00011.hamstrings-pelvis_tilt.KP	1.3239073	1.4084206	0.064423541	
S00011.hamstrings-pelvis_tilt.KV	0.31286396	0.28710272	0.016336733	
S00011.hamstrings-pelvis_tilt.C0	0.047972388	0.062237385	0.016180152	
S00011.glut_max-pelvis_tilt.KP  	1.4790529	1.5767418	0.066061377	
S00011.glut_max-pelvis_tilt.KV  	0.30193948	0.29518122	0.016014332	
S00011.glut_max-pelvis_tilt.C0  	0.043570747	0.0049001212	0.016200902	
S00011.iliopsoas-pelvis_tilt.KP 	-1.4438103	-1.4351055	0.064441274	
S00011.iliopsoas-pelvis_tilt.KV 	-0.46407284	-0.46825597	0.017067949	
S00011.iliopsoas-pelvis_tilt.C0 	0.19936544	0.21742009	0.017870947	
S00100.iliopsoas.C0             	0.20713794	0.20073391	0.016921419	
S00100.glut_max.C0              	-0.05868668	-0.036259406	0.017584001	
S11000.iliopsoas.KL             	0.31379896	0.30838591	0.01572119	
S11000.iliopsoas.L0             	0.50854995	0.51437944	0.020073664	
S11000.iliopsoas-pelvis_tilt.P0 	-0.076460886	-0.068684746	0.016071236	
S11000.iliopsoas-pelvis_tilt.KP 	1.0493416	1.0775814	0.036509388	
S11000.iliopsoas-pelvis_tilt.KV 	-0.0058854625	0.026274816	0.016777263	
S11000.iliopsoas-hamstrings.KL  	-3.0847366	-3.3586585	0.13193284	
S11000.iliopsoas-hamstrings.L0  	0.81449689	0.82672967	0.027361724	
S11000.hamstrings.KF            	0.4865638	0.5265821	0.021338772	
S11000.glut_max.KF              	0.34110163	0.36773087	0.016889271	
