pelvis_tilt.offset              	0.047884809	0.049911899	0.0060900967	
hip_flexion_r.offset            	-0.013311206	-0.011074849	0.0065458538	
knee_angle_r.offset             	-0.082775052	-0.072082019	0.0069040438	
ankle_angle_r.offset            	0.10413244	0.11096035	0.0064685817	
hip_flexion_l.offset            	0.050661751	0.038488425	0.0059166114	
knee_angle_l.offset             	-0.0032630353	-0.0042420471	0.0063470651	
ankle_angle_l.offset            	0.018640377	0.016212498	0.0059802684	
stance_load_threshold           	0.065771017	0.066878215	0.00651917	
S11111.tib_ant.KL               	0.98827991	0.98438658	0.064004959	
S11111.tib_ant.L0               	0.7182547	0.68992511	0.037023203	
S11111.tib_ant-soleus.KF        	-0.2903266	-0.30376076	0.019660598	
S00111.soleus.KF                	1.6981363	1.6923897	0.057867111	
S00111.gastroc.KF               	2.0998974	2.0531276	0.062859358	
S00011.vasti.KF                 	1.1393682	1.1582482	0.068326839	
S00011.vasti.C0                 	0.19349298	0.18858314	0.0059328462	
S00011.vasti-knee_angle.pos_max 	-0.20019607	-0.20398943	0.010376965	
S00011.hamstrings-pelvis_tilt.KP	2.5066419	2.5142442	0.12234438	
S00011.hamstrings-pelvis_tilt.KV	0.43673282	0.43755076	0.015455805	
S00011.hamstrings-pelvis_tilt.C0	0.016184719	0.022654622	0.005884498	
S00011.glut_max-pelvis_tilt.KP  	-0.37002714	-0.38905523	0.12836593	
S00011.glut_max-pelvis_tilt.KV  	0.053640639	0.043847383	0.016137783	
S00011.glut_max-pelvis_tilt.C0  	0.055106825	0.047273033	0.0058218523	
S00011.iliopsoas-pelvis_tilt.KP 	-2.3967864	-2.4683933	0.11315205	
S00011.iliopsoas-pelvis_tilt.KV 	-0.60830675	-0.60211818	0.016412865	
S00011.iliopsoas-pelvis_tilt.C0 	0.17277076	0.17184666	0.0060130871	
S00100.iliopsoas.C0             	0.31061915	0.32885534	0.016502463	
S00100.glut_max.C0              	-0.30837986	-0.33318991	0.015380133	
S11000.iliopsoas.KL             	0.1537762	0.14426129	0.022058834	
S11000.iliopsoas.L0             	0.9983544	0.98254044	0.03936156	
S11000.iliopsoas-pelvis_tilt.P0 	-0.3263585	-0.33355218	0.006893189	
S11000.iliopsoas-pelvis_tilt.KP 	0.13337675	0.13608902	0.072461318	
S11000.iliopsoas-pelvis_tilt.KV 	0.37885485	0.37543775	0.014761153	
S11000.iliopsoas-hamstrings.KL  	-4.4691168	-4.6398992	0.22727748	
S11000.iliopsoas-hamstrings.L0  	0.72509499	0.75605658	0.037384797	
S11000.hamstrings.KF            	0.38692544	0.3951761	0.036663014	
S11000.glut_max.KF              	0.43613182	0.43259573	0.02343555	
