initial_load                    	0.37920002	0.38008515	0.018654114	
pelvis_tilt.offset              	0.026859544	0.02594814	0.0034224673	
hip_flexion_r.offset            	0.038808091	0.040817773	0.0035320893	
knee_angle_r.offset             	0.048781844	0.049069061	0.0035476519	
ankle_angle_r.offset            	0.0098750067	0.014157055	0.0038060412	
hip_flexion_l.offset            	-0.033413902	-0.035199533	0.0034375766	
knee_angle_l.offset             	0.037430445	0.035154815	0.0037728926	
ankle_angle_l.offset            	0.028693397	0.031384722	0.0041720084	
stance_load_threshold           	0.10860387	0.10860736	0.0037711922	
S11111.tib_ant.KL               	1.1884167	1.2676057	0.04128516	
S11111.tib_ant.L0               	0.71468405	0.7088398	0.019345264	
S11111.tib_ant-soleus.KF        	0.048289623	0.057090578	0.011708604	
S00111.soleus.KF                	1.475558	1.4719509	0.037201097	
S00111.gastroc.KF               	2.4698749	2.4172232	0.042286332	
S00011.vasti.KF                 	1.1097738	1.1976581	0.041606239	
S00011.vasti.C0                 	0.18101517	0.17915484	0.0039208397	
S00011.vasti-knee_angle.pos_max 	-0.34062226	-0.34518645	0.0063455496	
S00011.hamstrings-pelvis_tilt.KP	1.2568806	1.1629671	0.063690483	
S00011.hamstrings-pelvis_tilt.KV	0.25633516	0.24584232	0.0086453058	
S00011.hamstrings-pelvis_tilt.C0	0.029079882	0.027753884	0.0036700319	
S00011.glut_max-pelvis_tilt.KP  	1.4025267	1.3505238	0.074318558	
S00011.glut_max-pelvis_tilt.KV  	0.28233216	0.27042188	0.0089319123	
S00011.glut_max-pelvis_tilt.C0  	-0.022210548	-0.025423837	0.003815607	
S00011.iliopsoas-pelvis_tilt.KP 	-2.8804074	-2.8489851	0.069512815	
S00011.iliopsoas-pelvis_tilt.KV 	-0.56639049	-0.54233259	0.0091686393	
S00011.iliopsoas-pelvis_tilt.C0 	0.10459077	0.10062697	0.0036035886	
S00100.iliopsoas.C0             	0.39801588	0.41501166	0.010028592	
S00100.glut_max.C0              	-0.21828756	-0.21459486	0.0093457314	
S11000.iliopsoas.KL             	0.79948169	0.81892196	0.013137829	
S11000.iliopsoas.L0             	0.80227692	0.77385328	0.021906371	
S11000.iliopsoas-pelvis_tilt.P0 	-0.017261001	-0.01434037	0.0041613235	
S11000.iliopsoas-pelvis_tilt.KP 	0.93440113	1.0310329	0.041205845	
S11000.iliopsoas-pelvis_tilt.KV 	0.14918786	0.1462666	0.0089050345	
S11000.iliopsoas-hamstrings.KL  	-0.13185013	-0.3144689	0.15556511	
S11000.iliopsoas-hamstrings.L0  	0.79819188	0.79891537	0.024500344	
S11000.hamstrings.KF            	0.17888356	0.21256326	0.022386441	
S11000.glut_max.KF              	0.61460848	0.63081525	0.014900594	
