hamstrings.Y0 	0.24931173	0.24933083	0.00019257481	
hamstrings.DT0	0.16646147	0.16619212	0.00014269805	
hamstrings.Y1 	0.99999224	0.99993504	8.7079532e-05	
bifemsh.Y0    	0.73255452	0.7327334	0.00015728965	
bifemsh.DT0   	0.3534985	0.35342838	0.00013994094	
bifemsh.Y1    	0.009089728	0.0093145231	0.0001213159	
glut_max.Y0   	0.056454291	0.056448196	0.00013687876	
glut_max.DT0  	0.2530415	0.25321942	0.00015446579	
glut_max.Y1   	0.99988343	0.99992459	9.2989149e-05	
iliopsoas.Y0  	0.47235104	0.4722225	0.00015607617	
iliopsoas.DT0 	0.15431624	0.15427115	0.00014285995	
iliopsoas.Y1  	0.0015331675	0.001383066	0.00011534774	
rect_fem.Y0   	0.58206812	0.58212332	0.00013705974	
rect_fem.DT0  	0.16177166	0.16208186	0.00015641586	
rect_fem.Y1   	0.58516445	0.58498245	0.00018601473	
vasti.Y0      	0.4834081	0.4833847	0.0001217607	
vasti.DT0     	0.3328974	0.33273694	0.00014716568	
vasti.Y1      	0.99993507	0.99993561	7.7410782e-05	
gastroc.Y0    	0.0037312422	0.0037189419	0.00014155847	
gastroc.DT0   	0.28422309	0.2841603	0.00016256534	
gastroc.Y1    	0.99991554	0.99982325	0.00011559527	
soleus.Y0     	0.016187877	0.016293816	0.00015457531	
soleus.DT0    	0.34587447	0.34607195	0.00015133783	
soleus.Y1     	0.99974325	0.99972929	9.5599885e-05	
tib_ant.Y0    	0.59128555	0.59134093	0.00016625775	
tib_ant.DT0   	0.25175313	0.25192266	0.00014614035	
tib_ant.Y1    	0.00081467053	0.00063905588	8.9712891e-05	
