pelvis_tilt.offset              	0.029677552	0.026384987	0.003302031	
hip_flexion_r.offset            	-0.055024829	-0.050830062	0.0033650376	
knee_angle_r.offset             	-0.0093183567	-0.011093343	0.0032558862	
ankle_angle_r.offset            	0.011198413	0.01705183	0.0032598763	
hip_flexion_l.offset            	0.040209702	0.035061193	0.0037444944	
knee_angle_l.offset             	-0.075346653	-0.070290321	0.0032398065	
ankle_angle_l.offset            	0.0097839956	0.010124201	0.0032529397	
stance_load_threshold           	0.28746463	0.29357777	0.0059252317	
swing_load_threshold            	0.089773678	0.080439308	0.0063566189	
S11111.tib_ant.KL               	0.67880084	0.68371972	0.0074807726	
S11111.tib_ant.L0               	0.54224762	0.53867284	0.006499563	
S11111.tib_ant.KF               	0.46799092	0.46723517	0.0050536538	
S11111.soleus.KL                	0.81908225	0.82023612	0.012018288	
S11111.soleus.L0                	0.9062331	0.90448516	0.0073256188	
S11111.soleus.KF                	0.70958289	0.72358139	0.016025663	
S11111.gastroc.KL               	0.48965041	0.50420787	0.012966697	
S11111.gastroc.L0               	0.63833747	0.65485561	0.0097439444	
S11111.gastroc.KF               	0.57390708	0.58963602	0.019353708	
S11111.tib_ant-soleus.KL        	-0.05726859	-0.054437987	0.0087992016	
S11111.tib_ant-soleus.KF        	-0.97501422	-0.97245973	0.0073023702	
S11111.tib_ant-gastroc.KL       	-0.052752156	-0.052308332	0.006607143	
S11111.tib_ant-gastroc.KF       	-0.73236167	-0.73406844	0.0083389709	
S11111.soleus-tib_ant.KF        	-0.54551043	-0.52801578	0.0066174151	
S11111.gastroc-tib_ant.KF       	-0.83574799	-0.83055116	0.0062165689	
S00011.vasti.KL                 	1.5752681	1.575552	0.029933892	
S00011.vasti.L0                 	0.61107972	0.60768446	0.002731365	
S00011.vasti.KF                 	0.80028384	0.79332265	0.0070174692	
S00011.iliopsoas.KL             	2.092759	2.1047559	0.022493715	
S00011.iliopsoas.L0             	0.87203374	0.86765665	0.0040923425	
S00011.rect_fem.KL              	0.10065785	0.096606212	0.031225628	
S00011.rect_fem.L0              	0.47020064	0.4581128	0.014331117	
S00011.hamstrings.KL            	1.3800865	1.3666424	0.022654498	
S00011.hamstrings.L0            	0.83699874	0.83432588	0.006424384	
S00011.bifemsh.KL               	1.6206425	1.6143729	0.02442111	
S00011.bifemsh.L0               	1.5828396	1.5808175	0.019320073	
S00011.glut_max.KL              	0.54623058	0.56831122	0.035451017	
S00011.glut_max.L0              	1.0259596	1.015613	0.013759179	
S00011.hamstrings-pelvis_tilt.KP	1.5413432	1.5297322	0.018755342	
S00011.hamstrings-pelvis_tilt.KV	0.16738766	0.16832954	0.0061756782	
S00011.glut_max-pelvis_tilt.KP  	1.0585078	1.0685415	0.015455131	
S00011.glut_max-pelvis_tilt.KV  	-0.041702683	-0.03596983	0.0051852431	
S00011.iliopsoas-pelvis_tilt.KP 	0.31418255	0.27832708	0.021942025	
S00011.iliopsoas-pelvis_tilt.KV 	-0.078511797	-0.076546031	0.0060445958	
S00011.rect_fem-pelvis_tilt.KP  	-0.98293038	-0.99560964	0.013937834	
S00011.rect_fem-pelvis_tilt.KV  	-0.044446899	-0.042324622	0.0059270251	
S11100.iliopsoas.KL             	0.97518426	0.9755747	0.007521688	
S11100.iliopsoas.L0             	0.7779638	0.76444089	0.0054119146	
S11100.rect_fem.KL              	0.32185068	0.33525492	0.012997094	
S11100.rect_fem.L0              	1.2500199	1.2684761	0.023357333	
S11100.iliopsoas-pelvis_tilt.KP 	1.0366738	1.0446393	0.032121334	
S11100.iliopsoas-pelvis_tilt.KV 	0.20517917	0.21458434	0.0066025605	
S11100.iliopsoas-hamstrings.KL  	-2.7815541	-2.7861519	0.015648541	
S11100.iliopsoas-hamstrings.L0  	0.78221873	0.78665454	0.0050198857	
S11100.hamstrings.KL            	0.26653528	0.2573171	0.0089187553	
S11100.hamstrings.L0            	1.2390201	1.2374515	0.010548116	
S11100.bifemsh.KL               	0.87270336	0.8198262	0.023977439	
S11100.bifemsh.L0               	1.3715648	1.3859939	0.019369442	
S11100.glut_max.KL              	1.0261755	1.0334574	0.0065881627	
S11100.glut_max.L0              	0.85016449	0.85310265	0.0050670931	
