/jointset/ground_pelvis/pelvis_tilt/value.offset              	-0.034860724	-0.03600449	0.00065815472	
/jointset/hip_r/hip_flexion_r/value.offset            	-0.038116292	-0.038530662	0.00069087172	
/jointset/knee_r/knee_angle_r/value.offset             	0.0045962839	0.0053597572	0.00070155024	
/jointset/ankle_r/ankle_angle_r/value.offset            	0.0018186691	0.0023339071	0.00069034095	
/jointset/hip_l/hip_flexion_l/value.offset            	0.095674064	0.094550871	0.00069268683	
/jointset/knee_l/knee_angle_l/value.offset             	-0.011709546	-0.011240635	0.00070996219	
/jointset/ankle_l/ankle_angle_l/value.offset            	0.01486883	0.014748023	0.0007085075	
stance_load_threshold           	0.33012516	0.33020712	0.00071482129	
S11111.tib_ant.KL               	0.60362872	0.60464541	0.00084314725	
S11111.tib_ant.L0               	0.54598404	0.54520296	0.00070471516	
S11111.tib_ant.KF               	0.50011042	0.49961846	0.00071859966	
S11111.soleus.KL                	0.80318448	0.80236797	0.00096194644	
S11111.soleus.L0                	0.94681194	0.94680292	0.00091810457	
S11111.soleus.KF                	0.91139019	0.91337434	0.0014406658	
S11111.gastroc.KL               	0.43782578	0.43799957	0.00067744801	
S11111.gastroc.L0               	0.82483007	0.82558291	0.00091578332	
S11111.gastroc.KF               	0.81099286	0.81178117	0.0010247848	
S11111.tib_ant-soleus.KL        	-0.057663557	-0.057515669	0.00068157345	
S11111.tib_ant-soleus.KF        	-0.95278662	-0.94912137	0.0013209343	
S11111.tib_ant-gastroc.KL       	-0.02734477	-0.02773043	0.00070124984	
S11111.tib_ant-gastroc.KF       	-0.66798922	-0.66948404	0.00098805884	
S11111.soleus-tib_ant.KF        	-0.6798189	-0.68081995	0.00083119941	
S11111.gastroc-tib_ant.KF       	-0.64155796	-0.64016976	0.0010339939	
S00011.vasti.KL                 	1.7318998	1.7347913	0.0028090924	
S00011.vasti.L0                 	0.62616818	0.62587509	0.00059293739	
S00011.vasti.KF                 	0.72075111	0.71925348	0.0010852421	
S00011.iliopsoas.KL             	2.4650152	2.4683466	0.0028332724	
S00011.iliopsoas.L0             	0.91823661	0.91820923	0.00079340848	
S00011.rect_fem.KL              	0.19197054	0.19304924	0.00072776025	
S00011.rect_fem.L0              	0.44382393	0.44321433	0.00072738639	
S00011.hamstrings.KL            	0.68218824	0.68406188	0.0011072688	
S00011.hamstrings.L0            	0.71035065	0.70968038	0.00090179103	
S00011.bifemsh.KF               	0.1807693	0.18066859	0.00065240134	
S00011.glut_max.KL              	0.50120277	0.50000635	0.00069863042	
S00011.glut_max.L0              	1.0814288	1.0815518	0.0015069482	
S00011.hamstrings-pelvis_tilt.KP	1.1521366	1.1519654	0.0018406815	
S00011.hamstrings-pelvis_tilt.KV	0.2039901	0.20347057	0.00075873562	
S00011.glut_max-pelvis_tilt.KP  	1.0365856	1.0373804	0.0014322755	
S00011.rect_fem-pelvis_tilt.KP  	-1.1005173	-1.1011032	0.0014566494	
S00011.rect_fem-pelvis_tilt.KV  	-0.015945961	-0.014676059	0.00064251503	
S11100.iliopsoas.KL             	0.97051304	0.9690822	0.0012498839	
S11100.iliopsoas.L0             	0.66219659	0.66254907	0.00096034444	
S11100.rect_fem.KL              	0.49637706	0.49688604	0.0007316598	
S11100.rect_fem.L0              	1.3896149	1.3902235	0.0015409787	
S11100.iliopsoas-pelvis_tilt.KP 	1.6809601	1.6821027	0.0023222321	
S11100.iliopsoas-pelvis_tilt.KV 	0.23190386	0.23195123	0.00067422315	
S11100.iliopsoas-hamstrings.KL  	-2.7713691	-2.772488	0.0040294547	
S11100.iliopsoas-hamstrings.L0  	0.67029235	0.67077459	0.00088241752	
S11100.hamstrings.KL            	0.24818984	0.24772005	0.0006848152	
S11100.hamstrings.L0            	1.0290903	1.0290932	0.0016821975	
S11100.bifemsh.KF               	0.20174719	0.20190358	0.00069706305	
S11100.glut_max.KL              	0.99695344	0.99898458	0.0014784019	
S11100.glut_max.L0              	0.8720315	0.87325573	0.0010604754	
