pelvis_tilt.offset              	0.017135592	0.017199809	0.00021091277	
hip_flexion_r.offset            	0.018005585	0.018120003	0.00017756397	
knee_angle_r.offset             	0.034779355	0.034659547	0.00021984521	
ankle_angle_r.offset            	-0.052050128	-0.051878861	0.00025437929	
hip_flexion_l.offset            	0.015665989	0.01586578	0.00020022588	
knee_angle_l.offset             	-0.0052121111	-0.0046781412	0.0002078411	
ankle_angle_l.offset            	-0.010069797	-0.010120153	0.00022887497	
stance_load_threshold           	0.23668353	0.23679927	0.00020391492	
S11111.tib_ant.KL               	1.5140277	1.5159808	0.001279506	
S11111.tib_ant.L0               	0.77405346	0.77383193	0.00056321621	
S11111.tib_ant-soleus.KF        	-0.29148309	-0.29134532	0.00031801685	
S00111.soleus.KF                	1.1159849	1.1171583	0.00072144911	
S00111.gastroc.KF               	1.3583959	1.3578002	0.0010683769	
S00011.vasti.KF                 	0.90217442	0.90182035	0.00097692935	
S00011.vasti.C0                 	0.12740821	0.12731846	0.00018158946	
S00011.vasti-knee_angle.pos_max 	-0.27121144	-0.27123275	0.00021625332	
S00011.hamstrings-pelvis_tilt.KP	1.6415902	1.6395005	0.0020566267	
S00011.hamstrings-pelvis_tilt.KV	0.28275789	0.2826247	0.00026190501	
S00011.hamstrings-pelvis_tilt.C0	0.033659778	0.033764859	0.00020647494	
S00011.glut_max-pelvis_tilt.KP  	1.4084774	1.4075922	0.0021031849	
S00011.glut_max-pelvis_tilt.KV  	0.2263393	0.226237	0.00026319954	
S00011.glut_max-pelvis_tilt.C0  	-0.11196716	-0.11204576	0.0002003623	
S00011.iliopsoas-pelvis_tilt.KP 	-1.7718869	-1.7734537	0.0020661206	
S00011.iliopsoas-pelvis_tilt.KV 	-0.86121576	-0.86092279	0.0006075442	
S00011.iliopsoas-pelvis_tilt.C0 	0.0097193417	0.0098949516	0.00020654509	
S00100.iliopsoas.C0             	0.36263555	0.36258462	0.00040449451	
S00100.glut_max.C0              	-0.59445376	-0.59539372	0.00055793337	
S11000.iliopsoas.KL             	0.51452895	0.51479176	0.00053711882	
S11000.iliopsoas.L0             	0.46149776	0.46147047	0.00041011792	
S11000.iliopsoas-pelvis_tilt.P0 	-0.065879173	-0.065364179	0.00025223993	
S11000.iliopsoas-pelvis_tilt.KP 	0.95224522	0.95323415	0.0013276649	
S11000.iliopsoas-hamstrings.KL  	-5.3814	-5.3856579	0.0048782376	
S11000.iliopsoas-hamstrings.L0  	0.80708969	0.8072644	0.0006881865	
S11000.hamstrings.KF            	0.30710664	0.30684701	0.00035579832	
S11000.glut_max.KF              	0.32417826	0.32406791	0.0003421543	
