pelvis_tilt.offset              	-0.12135903	-0.12822669	0.011404825	
hip_flexion_r.offset            	0.12876861	0.13792934	0.015206858	
knee_angle_r.offset             	0.14871865	0.13604087	0.01215686	
ankle_angle_r.offset            	0.075960783	0.084151224	0.01352456	
hip_flexion_l.offset            	-0.13271152	-0.12821349	0.012793285	
knee_angle_l.offset             	0.18625242	0.18769377	0.013864669	
ankle_angle_l.offset            	-0.021236533	-0.01160594	0.013024143	
stance_load_threshold           	0.075249325	0.075378447	0.00026591991	
S11111.tib_ant.KL               	1.1877659	1.1885337	0.0013625473	
S11111.tib_ant.L0               	0.74888325	0.74824743	0.00063787032	
S11111.tib_ant-soleus.KF        	-0.28602852	-0.28609476	0.00041357128	
S00111.soleus.KF                	1.0530947	1.0534647	0.0010399351	
S00111.gastroc.KF               	1.4940769	1.4962332	0.002173017	
S00011.vasti.KF                 	0.95887299	0.96047817	0.0011198745	
S00011.vasti.C0                 	0.14727088	0.1472739	0.00022476873	
S00011.vasti-knee_angle.pos_max 	-0.30235971	-0.30299783	0.00028374446	
S00011.hamstrings-pelvis_tilt.KP	1.9772316	1.9750373	0.002484966	
S00011.hamstrings-pelvis_tilt.KV	0.49706492	0.49615268	0.0006282492	
S00011.hamstrings-pelvis_tilt.C0	-0.028889707	-0.028776998	0.00029522599	
S00011.glut_max-pelvis_tilt.KP  	1.3099249	1.3143894	0.0029417613	
S00011.glut_max-pelvis_tilt.KV  	0.28950109	0.28814384	0.00053151639	
S00011.glut_max-pelvis_tilt.C0  	-0.13125435	-0.13129508	0.00024831581	
S00011.iliopsoas-pelvis_tilt.KP 	-2.600412	-2.603187	0.0025997036	
S00011.iliopsoas-pelvis_tilt.KV 	-0.68250442	-0.68243587	0.00076725299	
S00011.iliopsoas-pelvis_tilt.C0 	0.13659452	0.13649316	0.00029431654	
S00100.iliopsoas.C0             	0.44600377	0.44491567	0.00058521598	
S00100.glut_max.C0              	-0.052780422	-0.052629404	0.0002859677	
S11000.iliopsoas.KL             	0.004251891	0.004704221	0.00037400431	
S11000.iliopsoas.L0             	0.3437682	0.3440831	0.00096419612	
S11000.iliopsoas-pelvis_tilt.P0 	0.017798877	0.018061912	0.00029391195	
S11000.iliopsoas-pelvis_tilt.KP 	1.173302	1.1727903	0.0011528031	
S11000.iliopsoas-pelvis_tilt.KV 	0.27846205	0.27830518	0.00028520262	
S11000.iliopsoas-hamstrings.KL  	-0.63275189	-0.63460626	0.0024931485	
S11000.iliopsoas-hamstrings.L0  	0.60354855	0.60430392	0.00075678267	
S11000.hamstrings.KF            	0.12802538	0.126379	0.00074584625	
S11000.glut_max.KF              	0.55494481	0.55697813	0.00058364491	
