pelvis_tilt.offset              	0.0067137458	0.006429749	0.00055768356	
hip_flexion_r.offset            	-0.044596352	-0.045299872	0.00052832894	
knee_angle_r.offset             	-0.021449175	-0.022509926	0.00053519526	
ankle_angle_r.offset            	0.037185355	0.03663208	0.0005550095	
hip_flexion_l.offset            	-0.0084560532	-0.0080912518	0.00053924544	
knee_angle_l.offset             	0.023678251	0.023946055	0.00053100747	
ankle_angle_l.offset            	0.0052239869	0.0046498108	0.00055763434	
stance_load_threshold           	0.31504325	0.31478802	0.00055589367	
S11111.tib_ant.KL               	0.65929988	0.66065263	0.0010209705	
S11111.tib_ant.L0               	0.59540766	0.59675179	0.00090385152	
S11111.tib_ant.KF               	0.52815584	0.52837095	0.00085577994	
S11111.soleus.KL                	0.74118651	0.74198457	0.001061041	
S11111.soleus.L0                	0.91604238	0.91380045	0.0011071823	
S11111.soleus.KF                	1.0370586	1.0382901	0.001682887	
S11111.gastroc.KL               	0.47559825	0.47436868	0.00086699895	
S11111.gastroc.L0               	0.73191334	0.73291923	0.0010875136	
S11111.gastroc.KF               	0.80764434	0.80922872	0.0013261628	
S11111.tib_ant-soleus.KL        	-0.022180091	-0.02284012	0.00058651807	
S11111.tib_ant-soleus.KF        	-0.91404105	-0.91443308	0.0016364214	
S11111.tib_ant-gastroc.KL       	-0.060573584	-0.059907983	0.00056541158	
S11111.tib_ant-gastroc.KF       	-0.64494769	-0.64529961	0.001157134	
S11111.soleus-tib_ant.KF        	-0.70571597	-0.70515877	0.00099442152	
S11111.gastroc-tib_ant.KF       	-0.69104197	-0.6925504	0.0012977905	
S00011.vasti.KL                 	1.9261561	1.9293046	0.0033411789	
S00011.vasti.L0                 	0.6288429	0.62799022	0.0008479875	
S00011.vasti.KF                 	0.88321425	0.88129385	0.0013198406	
S00011.iliopsoas.KL             	1.9591594	1.9582154	0.0032390524	
S00011.iliopsoas.L0             	0.89416126	0.89243363	0.0011697798	
S00011.rect_fem.KL              	0.16682759	0.16642341	0.00056465526	
S00011.rect_fem.L0              	0.48966375	0.488573	0.00085463231	
S00011.hamstrings.KL            	0.77942075	0.78037499	0.0013399046	
S00011.hamstrings.L0            	0.73601433	0.73606432	0.0010819974	
S00011.bifemsh.KF               	0.18073202	0.18184992	0.0005711431	
S00011.glut_max.KL              	0.47461842	0.47523854	0.00085107076	
S00011.glut_max.L0              	1.207	1.2070921	0.0019153905	
S00011.hamstrings-pelvis_tilt.KP	1.3613835	1.363352	0.0021490794	
S00011.hamstrings-pelvis_tilt.KV	0.24941699	0.24942219	0.00057117579	
S00011.glut_max-pelvis_tilt.KP  	1.0117388	1.0106925	0.0017150685	
S00011.rect_fem-pelvis_tilt.KP  	-0.94877011	-0.94778078	0.0017748898	
S00011.rect_fem-pelvis_tilt.KV  	-0.020822811	-0.020512579	0.0005430236	
S11100.iliopsoas.KL             	1.0242809	1.0220653	0.0016869826	
S11100.iliopsoas.L0             	0.79600724	0.7946113	0.0011504489	
S11100.rect_fem.KL              	0.55946632	0.55937908	0.00082858237	
S11100.rect_fem.L0              	1.3770287	1.3797777	0.001955745	
S11100.iliopsoas-pelvis_tilt.KP 	1.4635909	1.4691683	0.0028700421	
S11100.iliopsoas-pelvis_tilt.KV 	0.31783318	0.31741899	0.00055374094	
S11100.iliopsoas-hamstrings.KL  	-2.9528363	-2.9506779	0.0049276204	
S11100.iliopsoas-hamstrings.L0  	0.71778894	0.72028459	0.0010623386	
S11100.hamstrings.KL            	0.2102976	0.21035613	0.00058161639	
S11100.hamstrings.L0            	1.2663679	1.2685061	0.002017402	
S11100.bifemsh.KF               	0.17681382	0.17735282	0.0005650676	
S11100.glut_max.KL              	1.0315643	1.0339703	0.0016433492	
S11100.glut_max.L0              	0.85951118	0.85790548	0.0012862698	
