pelvis_tilt.offset              	-0.041978081	-0.036265575	0.0024704125	
hip_flexion_r.offset            	-0.0053439194	-0.010585698	0.0024980117	
knee_angle_r.offset             	0.010418437	0.0090462503	0.0025945578	
ankle_angle_r.offset            	-0.0059708365	-0.0089046612	0.0025643804	
hip_flexion_l.offset            	0.069304934	0.068309429	0.0024763631	
knee_angle_l.offset             	0.0030123151	0.0012478233	0.0024431027	
ankle_angle_l.offset            	-0.055553869	-0.058745139	0.0024745762	
stance_load_threshold           	0.27028952	0.27137805	0.0024427344	
S11111.tib_ant.KL               	0.64369716	0.64273643	0.0031309584	
S11111.tib_ant.L0               	0.53035396	0.53223753	0.0026650363	
S11111.tib_ant.KF               	0.50531839	0.50605631	0.0027091561	
S11111.soleus.KL                	0.73610743	0.73164769	0.0035348242	
S11111.soleus.L0                	0.90715303	0.90271011	0.0038920365	
S11111.soleus.KF                	0.8330244	0.83314833	0.0054446274	
S11111.gastroc.KL               	0.45261906	0.45076565	0.002446113	
S11111.gastroc.L0               	0.75250126	0.74971739	0.0033584315	
S11111.gastroc.KF               	0.80790629	0.81303225	0.0037031651	
S11111.tib_ant-soleus.KL        	-0.053467899	-0.052031593	0.0025194525	
S11111.tib_ant-soleus.KF        	-0.94438732	-0.93247746	0.0047930976	
S11111.tib_ant-gastroc.KL       	-0.011063547	-0.0098911097	0.0024135585	
S11111.tib_ant-gastroc.KF       	-0.68560727	-0.68638186	0.0036078643	
S11111.soleus-tib_ant.KF        	-0.69619227	-0.68524695	0.0031271644	
S11111.gastroc-tib_ant.KF       	-0.65086147	-0.64537549	0.0038067494	
S00011.vasti.KL                 	1.7447439	1.7491193	0.0098145714	
S00011.vasti.L0                 	0.62478741	0.62383485	0.0024641927	
S00011.vasti.KF                 	0.80269199	0.80676082	0.0040189655	
S00011.iliopsoas.KL             	2.1960841	2.2006379	0.010092993	
S00011.iliopsoas.L0             	0.91934812	0.91273233	0.0033260588	
S00011.rect_fem.KL              	0.16044725	0.16327493	0.0025428234	
S00011.rect_fem.L0              	0.45409967	0.45276503	0.0026668704	
S00011.hamstrings.KL            	0.72602147	0.72826545	0.004025115	
S00011.hamstrings.L0            	0.75525665	0.756561	0.0033313441	
S00011.bifemsh.KF               	0.17713575	0.17812734	0.0023976711	
S00011.glut_max.KL              	0.49045107	0.49251845	0.002473472	
S00011.glut_max.L0              	1.0805234	1.0718753	0.0055603237	
S00011.hamstrings-pelvis_tilt.KP	1.1761226	1.1848989	0.006499412	
S00011.hamstrings-pelvis_tilt.KV	0.2141024	0.21376829	0.0025460303	
S00011.glut_max-pelvis_tilt.KP  	0.96552681	0.96277724	0.0049954416	
S00011.rect_fem-pelvis_tilt.KP  	-1.1125412	-1.1079485	0.0054714422	
S00011.rect_fem-pelvis_tilt.KV  	0.00030060187	0.0013204501	0.0023545529	
S11100.iliopsoas.KL             	0.99209139	0.99274378	0.0046389272	
S11100.iliopsoas.L0             	0.66655858	0.65818052	0.0035741574	
S11100.rect_fem.KL              	0.51863724	0.51842595	0.0026576127	
S11100.rect_fem.L0              	1.3480598	1.3497544	0.0057537769	
S11100.iliopsoas-pelvis_tilt.KP 	1.7043253	1.6986081	0.0083802702	
S11100.iliopsoas-pelvis_tilt.KV 	0.26018024	0.25831206	0.0025085987	
S11100.iliopsoas-hamstrings.KL  	-2.7668397	-2.7496173	0.014823677	
S11100.iliopsoas-hamstrings.L0  	0.68969083	0.6904678	0.003238401	
S11100.hamstrings.KL            	0.23481401	0.23425623	0.0024889661	
S11100.hamstrings.L0            	1.1718527	1.176438	0.0058682817	
S11100.bifemsh.KF               	0.24777483	0.24611199	0.0025087488	
S11100.glut_max.KL              	0.91681307	0.91973041	0.0050936138	
S11100.glut_max.L0              	0.82071912	0.8222929	0.0039788125	
