pelvis_tilt.offset              	0.0020134387	0.0022677114	0.00050912357	
hip_flexion_r.offset            	-0.03379467	-0.034078479	0.00052443082	
knee_angle_r.offset             	-0.030662052	-0.031443962	0.00050749631	
ankle_angle_r.offset            	0.037212271	0.037367814	0.00050897213	
hip_flexion_l.offset            	0.10455827	0.10436329	0.00056731825	
knee_angle_l.offset             	-0.059681417	-0.059514699	0.00050304044	
ankle_angle_l.offset            	0.020587027	0.019379574	0.00051071714	
stance_load_threshold           	0.25328269	0.2530746	0.00091717404	
swing_load_threshold            	0.080874403	0.083283534	0.0010014403	
S11111.tib_ant.KL               	0.64123031	0.64271696	0.0011840688	
S11111.tib_ant.L0               	0.54829584	0.54867891	0.0009812862	
S11111.tib_ant.KF               	0.50897745	0.50866059	0.00076285781	
S11111.soleus.KL                	0.73081586	0.73006766	0.0019072027	
S11111.soleus.L0                	0.83086695	0.83289277	0.0011362621	
S11111.soleus.KF                	0.84723861	0.84674423	0.0024753626	
S11111.gastroc.KL               	0.6344851	0.63616004	0.0020898504	
S11111.gastroc.L0               	0.71413574	0.71175774	0.0015728269	
S11111.gastroc.KF               	0.61209754	0.6123385	0.0030571892	
S11111.tib_ant-soleus.KL        	-0.058894969	-0.059355842	0.0013539107	
S11111.tib_ant-soleus.KF        	-0.97992683	-0.98016247	0.0011433444	
S11111.tib_ant-gastroc.KL       	-0.10944394	-0.10785861	0.00099604414	
S11111.tib_ant-gastroc.KF       	-0.77546852	-0.77751646	0.0013159384	
S11111.soleus-tib_ant.KF        	-0.55690974	-0.55698236	0.0010344829	
S11111.gastroc-tib_ant.KF       	-0.74442851	-0.74410431	0.00096336882	
S00011.vasti.KL                 	1.7326773	1.7299668	0.0046352541	
S00011.vasti.L0                 	0.59210487	0.59162655	0.00044550628	
S00011.vasti.KF                 	0.88271993	0.88268959	0.0010862706	
S00011.iliopsoas.KL             	2.2642992	2.2576055	0.0035542404	
S00011.iliopsoas.L0             	0.90005895	0.90102696	0.00066338253	
S00011.rect_fem.KL              	0.074002807	0.074073345	0.0051303109	
S00011.rect_fem.L0              	0.34048253	0.34226428	0.0021624898	
S00011.hamstrings.KL            	1.1264524	1.1263239	0.0034949537	
S00011.hamstrings.L0            	0.77679478	0.77737321	0.0010313462	
S00011.bifemsh.KL               	1.5273492	1.5285795	0.0038744847	
S00011.bifemsh.L0               	1.3927115	1.394463	0.0030088127	
S00011.glut_max.KL              	0.49903268	0.49628461	0.0055854663	
S00011.glut_max.L0              	0.75615429	0.75690511	0.0021246652	
S00011.hamstrings-pelvis_tilt.KP	1.6924251	1.6928977	0.0028491239	
S00011.hamstrings-pelvis_tilt.KV	0.23630406	0.23575503	0.00095055781	
S00011.glut_max-pelvis_tilt.KP  	1.2527889	1.2528029	0.0023696534	
S00011.glut_max-pelvis_tilt.KV  	-0.085100564	-0.084709587	0.00081354975	
S00011.iliopsoas-pelvis_tilt.KP 	0.32989819	0.32344033	0.0033935851	
S00011.iliopsoas-pelvis_tilt.KV 	-0.064124096	-0.064815997	0.00096352513	
S00011.rect_fem-pelvis_tilt.KP  	-1.1004028	-1.1003201	0.0022126927	
S00011.rect_fem-pelvis_tilt.KV  	0.0042371225	0.0025946236	0.0009257846	
S11100.iliopsoas.KL             	1.0266132	1.024211	0.0011806182	
S11100.iliopsoas.L0             	0.72205302	0.72239232	0.00084481108	
S11100.rect_fem.KL              	0.2667382	0.2683651	0.0020420829	
S11100.rect_fem.L0              	1.4705982	1.4714402	0.0037204066	
S11100.iliopsoas-pelvis_tilt.KP 	0.80256239	0.80445207	0.0049701116	
S11100.iliopsoas-pelvis_tilt.KV 	0.12234129	0.12232569	0.0010124518	
S11100.iliopsoas-hamstrings.KL  	-2.8637194	-2.8677477	0.0024907855	
S11100.iliopsoas-hamstrings.L0  	0.67834232	0.6789509	0.00076960675	
S11100.hamstrings.KL            	0.32525806	0.32561359	0.0014079468	
S11100.hamstrings.L0            	1.285494	1.285342	0.0016324368	
S11100.bifemsh.KL               	0.7486581	0.75069459	0.0037447522	
S11100.bifemsh.L0               	1.6253902	1.6234302	0.0030403066	
S11100.glut_max.KL              	1.014043	1.013556	0.0010212799	
S11100.glut_max.L0              	0.85043155	0.85105327	0.00082719823	
