pelvis_tilt.offset                     	0.032817449	0.032621178	0.00079401067	
pelvis_list.offset                     	-0.0018883713	-0.0020660679	0.00079331208	
pelvis_rotation.offset                 	-0.051106168	-0.051825734	0.0008346238	
hip_flexion_r.offset                   	-0.10681271	-0.10772339	0.00081276899	
hip_adduction_r.offset                 	-0.068935882	-0.068433186	0.00081457668	
hip_rotation_r.offset                  	-0.03434926	-0.035188258	0.00084232521	
knee_angle_r.offset                    	0.063660269	0.063057669	0.00085565309	
ankle_angle_r.offset                   	0.0096751667	0.010846348	0.00084065219	
hip_flexion_l.offset                   	0.078019488	0.077921527	0.00083716587	
hip_adduction_l.offset                 	-0.03913219	-0.040157288	0.00085815736	
hip_rotation_l.offset                  	0.062048691	0.062053399	0.00085555468	
knee_angle_l.offset                    	0.21600143	0.21568427	0.00087429762	
ankle_angle_l.offset                   	0.083174421	0.082465562	0.0008518626	
lumbar_extension.offset                	-0.050476072	-0.050069512	0.00082490443	
lumbar_bending.offset                  	0.05999074	0.059390485	0.00082327212	
lumbar_rotation.offset                 	-0.041182178	-0.041690882	0.00083910592	
stance_load_threshold                  	0.31763586	0.31745553	0.00073683669	
landing_threshold                      	0.26910038	0.26922587	0.00083669896	
late_stance_threshold                  	0.084876428	0.085967386	0.00081703886	
S01110.tib_ant.KL                      	0.91002768	0.90963152	0.00094568826	
S01110.tib_ant.L0                      	0.6724563	0.67237874	0.00075680489	
S01110.tib_ant.KF                      	0.55461787	0.55435526	0.00061286893	
S01110.soleus.KL                       	0.45269541	0.45291236	0.0014170192	
S01110.soleus.L0                       	0.78561426	0.78596995	0.0009454785	
S01110.soleus.KF                       	0.86559459	0.86343597	0.0020822678	
S01110.gastroc.KL                      	0.54855553	0.54800121	0.0016696321	
S01110.gastroc.L0                      	0.88132537	0.88087059	0.0011508183	
S01110.gastroc.KF                      	1.1741892	1.1742405	0.0025997815	
S01110.tib_ant-soleus.KL               	-0.040964049	-0.041201388	0.0011213521	
S01110.tib_ant-soleus.KF               	-1.0045725	-1.0046999	0.00093933391	
S01110.tib_ant-gastroc.KL              	-0.22028431	-0.21945744	0.00077744155	
S01110.tib_ant-gastroc.KF              	-0.4879415	-0.48751984	0.0010548832	
S01110.soleus-tib_ant.KF               	-0.59613076	-0.59674226	0.00077245122	
S01110.gastroc-tib_ant.KF              	-0.65831655	-0.65805556	0.0007330761	
S10001.tib_ant.KL                      	0.75987702	0.76000333	0.00096521026	
S10001.tib_ant.L0                      	0.58191667	0.58222733	0.00071858059	
S10001.tib_ant.KF                      	0.74656019	0.74669266	0.00062694596	
S10001.soleus.KL                       	0.65496184	0.65354474	0.0014257682	
S10001.soleus.L0                       	0.94369971	0.94366082	0.00096717144	
S10001.soleus.KF                       	0.96590512	0.96661193	0.0021471258	
S10001.gastroc.KL                      	0.68221726	0.68279269	0.0017102799	
S10001.gastroc.L0                      	0.97378449	0.97512474	0.0011498526	
S10001.gastroc.KF                      	0.69577574	0.69604582	0.0024834414	
S10001.tib_ant-soleus.KL               	-0.026318883	-0.026698749	0.0010700213	
S10001.tib_ant-soleus.KF               	-0.8948788	-0.89463244	0.00094489112	
S10001.tib_ant-gastroc.KL              	-0.10252306	-0.10329372	0.00076526211	
S10001.tib_ant-gastroc.KF              	-0.71294476	-0.71288722	0.001066308	
S10001.soleus-tib_ant.KF               	-0.64267451	-0.64240067	0.00076749098	
S10001.gastroc-tib_ant.KF              	-0.68532644	-0.68650482	0.00075035151	
S00001.vasti.KL                        	1.5488228	1.5518855	0.0030702207	
S00001.vasti.L0                        	0.39610989	0.39605604	0.00039623822	
S00001.vasti.KV                        	0.048730788	0.048731867	0.00049084504	
S00001.vasti.KF                        	0.68461889	0.68616493	0.00092208579	
S00001.vasti-bifemsh.KL                	-0.77783143	-0.77728918	0.0014051387	
S00001.vasti-bifemsh.L0                	0.99034411	0.98968393	0.00054905364	
S00001.vasti-bifemsh.KV                	-0.18176009	-0.18203421	0.00059091694	
S00001.iliopsoas.KL                    	2.5855327	2.5864649	0.0028371717	
S00001.iliopsoas.L0                    	0.87970111	0.87936784	0.00049225721	
S00001.rect_fem.KL                     	0.87266151	0.87269243	0.0047292642	
S00001.rect_fem.L0                     	0.57660569	0.57743495	0.0016222194	
S00001.hamstrings.KL                   	1.1943678	1.1920754	0.0028366571	
S00001.hamstrings.L0                   	0.84555845	0.84582409	0.00077349261	
S00001.hamstrings.KV                   	0.30849573	0.30891715	0.00057950317	
S00001.hamstrings-gastroc.KF           	0.11388167	0.11139146	0.0025418905	
S00001.hamstrings-gastroc.F0           	0.1230134	0.12308444	0.0006060938	
S00001.bifemsh.KL                      	0.93228255	0.93147918	0.0028949843	
S00001.bifemsh.L0                      	1.3824649	1.3813495	0.0023510716	
S00001.bifemsh.KV                      	0.036094435	0.036269852	0.00060358909	
S00001.bifemsh-gastroc.KF              	0.71715637	0.72075895	0.0032627987	
S00001.bifemsh-gastroc.F0              	0.11614812	0.1169764	0.00062877393	
S00001.glut_max.KL                     	0.19371407	0.19868448	0.0042741462	
S00001.glut_max.L0                     	0.66099756	0.66055325	0.0016707818	
S00001.hamstrings-pelvis_tilt.KP       	0.86131626	0.86240753	0.0020608765	
S00001.rect_fem-pelvis_tilt.KP         	-1.7540725	-1.7535946	0.001850325	
S00001.glut_med.KL                     	1.6634685	1.6635801	0.0014221341	
S00001.glut_med.L0                     	0.50318551	0.50313116	0.00036877375	
S00001.glut_med.KV                     	0.43946809	0.43934948	0.0014531931	
S00001.add_mag.KL                      	1.1762147	1.1733278	0.0023505415	
S00001.add_mag.L0                      	0.80005898	0.80020482	0.00060993266	
S00001.add_mag.KV                      	0.25675984	0.25679595	0.00024648858	
S00001.glut_med-pelvis_list.KP         	1.716188	1.7171987	0.0049818781	
S00001.glut_med-pelvis_list.KV         	0.0052022493	0.0049764367	0.0002519989	
S00001.add_mag-pelvis_list.KP          	-0.59878864	-0.59902178	0.00065618141	
S00001.add_mag-pelvis_list.KV          	-0.0081743922	-0.0081645578	0.00019695217	
S00010.vasti.KL                        	1.9650699	1.9610177	0.0032166619	
S00010.vasti.L0                        	0.45547564	0.45537544	0.00041042482	
S00010.vasti.KV                        	0.053195057	0.053334548	0.00052216161	
S00010.vasti.KF                        	0.79957783	0.79807914	0.00092720878	
S00010.vasti-bifemsh.KL                	-1.084405	-1.0836935	0.0013714437	
S00010.vasti-bifemsh.L0                	0.99393768	0.9940628	0.00054898733	
S00010.vasti-bifemsh.KV                	-0.1847097	-0.18519682	0.00058719034	
S00010.iliopsoas.KL                    	2.6156276	2.6133078	0.0029618872	
S00010.iliopsoas.L0                    	0.89090993	0.89140989	0.0004597807	
S00010.rect_fem.KL                     	0.45151345	0.45183481	0.0045975513	
S00010.rect_fem.L0                     	0.67810274	0.67662007	0.0015516971	
S00010.hamstrings.KL                   	1.0380332	1.0378115	0.0029776424	
S00010.hamstrings.L0                   	0.81060902	0.81127298	0.00078277416	
S00010.hamstrings.KV                   	0.21190237	0.21210841	0.00057256877	
S00010.hamstrings-gastroc.KF           	1.1216378	1.1197832	0.0025974464	
S00010.hamstrings-gastroc.F0           	0.23217581	0.23254963	0.00060752061	
S00010.bifemsh.KL                      	1.0474961	1.0447291	0.0027288783	
S00010.bifemsh.L0                      	1.2836971	1.2832196	0.0024059679	
S00010.bifemsh.KV                      	0.0093280246	0.0093488119	0.00058443529	
S00010.bifemsh-gastroc.KF              	1.0723637	1.0713822	0.0032571536	
S00010.bifemsh-gastroc.F0              	0.084644496	0.084489678	0.00064752156	
S00010.glut_max.KL                     	0.02528835	0.023641085	0.0043988514	
S00010.glut_max.L0                     	0.82044682	0.81863593	0.0016276961	
S00010.hamstrings-pelvis_tilt.KP       	1.4020132	1.4031079	0.0020935213	
S00010.rect_fem-pelvis_tilt.KP         	-1.3582075	-1.3575761	0.0017861642	
S00010.glut_med.KL                     	1.4854548	1.4860246	0.0013977462	
S00010.glut_med.L0                     	0.53304824	0.53281208	0.00036853663	
S00010.glut_med.KV                     	0.47254127	0.47301074	0.0014331608	
S00010.add_mag.KL                      	1.3921404	1.3922553	0.0023595782	
S00010.add_mag.L0                      	0.75918505	0.75885412	0.00062878806	
S00010.add_mag.KV                      	0.16501386	0.16503934	0.00024147776	
S00010.glut_med-pelvis_list.KP         	0.64559859	0.6487859	0.0047765576	
S00010.glut_med-pelvis_list.KV         	0.014954594	0.014775806	0.00024522847	
S00010.add_mag-pelvis_list.KP          	-0.64893151	-0.64924736	0.00062366541	
S00010.add_mag-pelvis_list.KV          	-0.0056159892	-0.0054046432	0.00019413706	
S01100.iliopsoas.KL                    	1.029545	1.0282416	0.00086975122	
S01100.iliopsoas.L0                    	0.6298198	0.62985051	0.000619671	
S01100.rect_fem.KL                     	0.33112333	0.33031781	0.0016987022	
S01100.rect_fem.L0                     	1.5352855	1.5335684	0.002931958	
S01100.iliopsoas-pelvis_tilt.KP        	0.75775296	0.75790482	0.0042601186	
S01100.iliopsoas-hamstrings.KL         	-2.6462441	-2.6475492	0.0019127782	
S01100.iliopsoas-hamstrings.L0         	0.792817	0.79323292	0.00058176031	
S01100.hamstrings.KL                   	0.83505036	0.8355158	0.0010740488	
S01100.hamstrings.L0                   	1.1382393	1.1385798	0.0013368824	
S01100.hamstrings.KV                   	0.054746638	0.054838585	0.00059748552	
S01100.bifemsh.KF                      	0.028767184	0.028991221	0.00083125289	
S01100.glut_max.KL                     	1.1144871	1.1134212	0.00084336671	
S01100.glut_max.L0                     	1.069691	1.0699026	0.00078024428	
S01100.glut_med-femur_o.KP             	0.34575913	0.34597593	0.00029699759	
S01100.glut_med-femur_o.KV             	0.18302207	0.18284717	0.00026218657	
S01100.glut_med-femur_o.C0             	0.016538563	0.016632268	0.00021602163	
S01100.add_mag-femur_o.KP              	-0.67081595	-0.67265744	0.0013392507	
S01100.add_mag-femur_o.KV              	-0.30818462	-0.3082748	0.00025585505	
S01100.add_mag-femur_o.C0              	0.025592568	0.025597021	0.00014045732	
S10000.iliopsoas.KL                    	1.023879	1.0228896	0.00088915173	
S10000.iliopsoas.L0                    	0.88489041	0.88536648	0.00065142541	
S10000.rect_fem.KL                     	0.23220153	0.2328342	0.0017183487	
S10000.rect_fem.L0                     	1.5560816	1.5564642	0.002959898	
S10000.iliopsoas-pelvis_tilt.KP        	0.77471208	0.77427656	0.0041720934	
S10000.iliopsoas-hamstrings.KL         	-1.9435921	-1.9440414	0.0018500798	
S10000.iliopsoas-hamstrings.L0         	0.68225474	0.6827368	0.00062865981	
S10000.hamstrings.KL                   	0.75370745	0.75432409	0.0010902334	
S10000.hamstrings.L0                   	1.2516957	1.2518492	0.0013033355	
S10000.hamstrings.KV                   	0.1409228	0.14080265	0.00059231576	
S10000.bifemsh.KF                      	0.035964457	0.036354167	0.0008393314	
S10000.glut_max.KL                     	1.0703309	1.0699145	0.00081789747	
S10000.glut_max.L0                     	1.2649354	1.2644308	0.00078894342	
S10000.glut_med-femur_o.KP             	0.31051437	0.31072033	0.00028929475	
S10000.glut_med-femur_o.KV             	0.14277722	0.1426431	0.00026536293	
S10000.glut_med-femur_o.C0             	-0.039407221	-0.039638111	0.00022247888	
S10000.add_mag-femur_o.KP              	-0.6744434	-0.67407693	0.001302627	
S10000.add_mag-femur_o.KV              	-0.22704266	-0.22744508	0.00026787067	
S10000.add_mag-femur_o.C0              	0.033974549	0.034039906	0.00014400264	
lumbar_joints.lumbar_extension-torso.P0	-0.1270078	-0.12699138	4.8609484e-05	
lumbar_joints.lumbar_extension-torso.KP	209.33544	209.59864	0.39792632	
lumbar_joints.lumbar_extension-torso.KV	11.545521	11.524687	0.077431598	
lumbar_joints.lumbar_bending-torso.KP  	317.48139	317.69244	0.46707461	
lumbar_joints.lumbar_bending-torso.KV  	14.613164	14.628825	0.098886975	
lumbar_joints.lumbar_rotation-torso.KP 	231.84052	231.83641	0.58538528	
lumbar_joints.lumbar_rotation-torso.KV 	43.752164	43.814284	0.10049379	
