stance_load_threshold                  	0.18677179	0.18663283	0.00078746476	
S11111.tib_ant.KL                      	0.78824283	0.78768267	0.0010578941	
S11111.tib_ant.L0                      	0.51310769	0.5147713	0.00085678347	
S11111.tib_ant.KF                      	0.66270164	0.66348024	0.00068740883	
S11111.soleus.KL                       	0.53644513	0.53616337	0.0016053151	
S11111.soleus.L0                       	0.84947322	0.8491695	0.0010913573	
S11111.soleus.KF                       	0.83428971	0.83195172	0.0024625267	
S11111.gastroc.KL                      	0.61346792	0.61649057	0.0018179634	
S11111.gastroc.L0                      	0.83965616	0.84161403	0.0013635065	
S11111.gastroc.KF                      	0.85958458	0.85857435	0.0029217194	
S11111.tib_ant-soleus.KL               	-0.10875972	-0.10800703	0.0011858508	
S11111.tib_ant-soleus.KF               	-0.96770622	-0.96911992	0.0010148218	
S11111.tib_ant-gastroc.KL              	-0.11541155	-0.1146952	0.00089126375	
S11111.tib_ant-gastroc.KF              	-0.65317457	-0.6529987	0.0011588803	
S11111.soleus-tib_ant.KF               	-0.61155507	-0.61066038	0.00082692371	
S11111.gastroc-tib_ant.KF              	-0.65549429	-0.65602129	0.0008327583	
S00011.vasti.KL                        	1.4175913	1.4174687	0.0037407034	
S00011.vasti.L0                        	0.44515198	0.44451199	0.00045593086	
S00011.vasti.KV                        	0.034786794	0.03578746	0.00057799643	
S00011.vasti.KF                        	0.89899429	0.89828339	0.00099268579	
S00011.vasti-bifemsh.KL                	-0.8456921	-0.84651443	0.0015776844	
S00011.vasti-bifemsh.L0                	0.96777929	0.96750286	0.00062768224	
S00011.vasti-bifemsh.KV                	-0.1256664	-0.12513897	0.00065477322	
S00011.iliopsoas.KL                    	2.0891633	2.0923285	0.0032308343	
S00011.iliopsoas.L0                    	0.87334413	0.87292686	0.00058009528	
S00011.rect_fem.KL                     	0.54847219	0.54971372	0.0050621468	
S00011.rect_fem.L0                     	0.92326617	0.92548595	0.0017560376	
S00011.hamstrings.KL                   	0.98497098	0.97921648	0.00326531	
S00011.hamstrings.L0                   	0.81235374	0.81226456	0.00094402204	
S00011.hamstrings.KV                   	0.20767843	0.20690337	0.00064425101	
S00011.hamstrings-gastroc.KF           	0.2551309	0.25460191	0.0027838823	
S00011.hamstrings-gastroc.F0           	0.16452718	0.1630482	0.00069406588	
S00011.bifemsh.KL                      	1.018235	1.0169257	0.0032110411	
S00011.bifemsh.L0                      	1.1755639	1.1750093	0.0026439478	
S00011.bifemsh.KV                      	0.059410694	0.058775521	0.00064505268	
S00011.bifemsh-gastroc.KF              	0.72818068	0.72580972	0.0034832706	
S00011.bifemsh-gastroc.F0              	0.15387119	0.15307513	0.00069113858	
S00011.glut_max.KL                     	0.11193549	0.11369614	0.0048884387	
S00011.glut_max.L0                     	0.84367653	0.84304847	0.0018259593	
S00011.hamstrings-pelvis_tilt.KP       	0.78628583	0.78891157	0.0022759859	
S00011.rect_fem-pelvis_tilt.KP         	-1.4662445	-1.4658208	0.0020179867	
S00011.glut_med.KL                     	1.6679111	1.6704009	0.0015976784	
S00011.glut_med.L0                     	0.53108794	0.53108994	0.00041873801	
S00011.glut_med.KV                     	0.43146033	0.42627988	0.0016050205	
S00011.add_mag.KL                      	1.2985566	1.2958239	0.0025249147	
S00011.add_mag.L0                      	0.71075383	0.7104232	0.00072210851	
S00011.add_mag.KV                      	0.19167549	0.19163918	0.00024799355	
S00011.glut_med-pelvis_list.KP         	0.85198848	0.85407238	0.0051949974	
S00011.glut_med-pelvis_list.KV         	0.021085136	0.020997901	0.00025779278	
S00011.add_mag-pelvis_list.KP          	-0.57518395	-0.57445169	0.00071640051	
S00011.add_mag-pelvis_list.KV          	-0.023757687	-0.023859721	0.00022896505	
S11100.iliopsoas.KL                    	1.0746648	1.074543	0.00099961397	
S11100.iliopsoas.L0                    	0.66558489	0.66648058	0.00069870576	
S11100.rect_fem.KL                     	0.51858338	0.51806075	0.0018671107	
S11100.rect_fem.L0                     	1.7892148	1.7938288	0.0032808152	
S11100.iliopsoas-pelvis_tilt.KP        	0.46887659	0.46240828	0.0046272698	
S11100.iliopsoas-hamstrings.KL         	-2.5986342	-2.5982297	0.0020465218	
S11100.iliopsoas-hamstrings.L0         	0.69412408	0.6957036	0.00070833477	
S11100.hamstrings.KL                   	0.76594378	0.76573002	0.0011978285	
S11100.hamstrings.L0                   	1.1677397	1.1679986	0.0014213921	
S11100.hamstrings.KV                   	0.022670932	0.022343602	0.00068172514	
S11100.bifemsh.KL                      	0.53472758	0.53925544	0.0035341436	
S11100.bifemsh.L0                      	1.5700173	1.5713528	0.0025670629	
S11100.bifemsh.KV                      	0.035135243	0.034201649	0.00056347907	
S11100.glut_max.KL                     	1.0639688	1.0642791	0.00089636828	
S11100.glut_max.L0                     	1.0452056	1.0454353	0.00085800468	
S11100.glut_med-femur_o.KP             	0.32543867	0.32560334	0.0003287721	
S11100.glut_med-femur_o.KV             	0.12734845	0.12760927	0.0002995495	
S11100.glut_med-femur_o.C0             	-0.03321398	-0.032973777	0.00024717825	
S11100.add_mag-femur_o.KP              	-0.60137071	-0.60263889	0.0014626418	
S11100.add_mag-femur_o.KV              	-0.30044133	-0.30048772	0.0002906824	
S11100.add_mag-femur_o.C0              	0.0046198287	0.004663274	0.00016050104	
lumbar_joints.lumbar_extension-torso.P0	-0.10916655	-0.10918073	5.4319657e-05	
lumbar_joints.lumbar_extension-torso.KP	167.9066	167.6015	0.45671567	
lumbar_joints.lumbar_extension-torso.KV	19.463931	19.442913	0.088008834	
lumbar_joints.lumbar_bending-torso.KP  	225.5264	225.2394	0.53582868	
lumbar_joints.lumbar_bending-torso.KV  	16.509128	16.628808	0.1153209	
lumbar_joints.lumbar_rotation-torso.KP 	273.08661	273.21252	0.63649993	
lumbar_joints.lumbar_rotation-torso.KV 	44.439201	44.59258	0.10788004	
