pelvis_tilt.offset                     	-0.016429543	-0.016318811	0.0001884545	
pelvis_list.offset                     	0.055682454	0.055454159	0.00020994096	
pelvis_rotation.offset                 	0.012505205	0.012293905	0.00030077682	
hip_flexion_r.offset                   	-0.10406878	-0.10426987	0.00022671169	
hip_adduction_r.offset                 	0.051766023	0.051697849	0.00018683752	
hip_rotation_r.offset                  	0.17376321	0.17356695	0.0003062224	
knee_angle_r.offset                    	0.11638581	0.11634827	0.00021363006	
ankle_angle_r.offset                   	0.17580643	0.17615763	0.00025070785	
hip_flexion_l.offset                   	-0.019626917	-0.019472859	0.00027335075	
hip_adduction_l.offset                 	0.046505494	0.046075561	0.00029745667	
hip_rotation_l.offset                  	-0.14127903	-0.14187276	0.000261571	
knee_angle_l.offset                    	-0.048054748	-0.047978087	0.00026157164	
ankle_angle_l.offset                   	-0.053402223	-0.053502445	0.00032403932	
lumbar_extension.offset                	0.063869078	0.063748147	0.0002635968	
lumbar_bending.offset                  	-0.021470672	-0.021661253	0.00023318078	
lumbar_rotation.offset                 	-0.09638032	-0.09664336	0.00031581781	
stance_load_threshold                  	0.18309095	0.18335319	0.00078687955	
S11111.tib_ant.KL                      	0.8350582	0.83495032	0.001082742	
S11111.tib_ant.L0                      	0.50233341	0.50199265	0.00089635953	
S11111.tib_ant.KF                      	0.65026411	0.65025675	0.00068477959	
S11111.soleus.KL                       	0.51251568	0.51221542	0.0016745471	
S11111.soleus.L0                       	0.81688946	0.81687417	0.0011121067	
S11111.soleus.KF                       	0.82391453	0.82238986	0.0025533238	
S11111.gastroc.KL                      	0.63382302	0.635171	0.0018514157	
S11111.gastroc.L0                      	0.84308759	0.8429128	0.0014661126	
S11111.gastroc.KF                      	0.89924591	0.89668663	0.0031066948	
S11111.tib_ant-soleus.KL               	-0.13466889	-0.13300081	0.0012073135	
S11111.tib_ant-soleus.KF               	-0.9782943	-0.97761601	0.001006151	
S11111.tib_ant-gastroc.KL              	-0.12349836	-0.12302279	0.00089112838	
S11111.tib_ant-gastroc.KF              	-0.6325001	-0.63343827	0.0011622986	
S11111.soleus-tib_ant.KF               	-0.62965825	-0.62845975	0.00083924169	
S11111.gastroc-tib_ant.KF              	-0.68994097	-0.69044533	0.00084130272	
S00011.vasti.KL                        	1.4449122	1.4449707	0.0039627235	
S00011.vasti.L0                        	0.44665522	0.4466159	0.00048486901	
S00011.vasti.KV                        	0.031192479	0.030433993	0.00057263577	
S00011.vasti.KF                        	0.91092203	0.91073272	0.0010213477	
S00011.vasti-bifemsh.KL                	-0.86633938	-0.86693368	0.0015915002	
S00011.vasti-bifemsh.L0                	0.96839357	0.96852063	0.00065987837	
S00011.vasti-bifemsh.KV                	-0.10647388	-0.10726588	0.00064584236	
S00011.iliopsoas.KL                    	2.0981435	2.1047045	0.0032242102	
S00011.iliopsoas.L0                    	0.86568111	0.86578644	0.00063073474	
S00011.rect_fem.KL                     	0.4082905	0.41045119	0.0051383045	
S00011.rect_fem.L0                     	0.94621766	0.94768399	0.0017677165	
S00011.hamstrings.KL                   	0.91480852	0.91362348	0.0033484107	
S00011.hamstrings.L0                   	0.80133575	0.80201529	0.0010052965	
S00011.hamstrings.KV                   	0.18294553	0.18290383	0.00064615855	
S00011.hamstrings-gastroc.KF           	0.26507222	0.26664562	0.0029323356	
S00011.hamstrings-gastroc.F0           	0.15643872	0.1570888	0.00069523814	
S00011.bifemsh.KL                      	1.0036759	1.0039104	0.0031234007	
S00011.bifemsh.L0                      	1.1160364	1.1180456	0.0027863333	
S00011.bifemsh.KV                      	0.050495722	0.051633807	0.00067073824	
S00011.bifemsh-gastroc.KF              	0.78669088	0.78526757	0.0035638599	
S00011.bifemsh-gastroc.F0              	0.15451862	0.15505676	0.00067271815	
S00011.glut_max.KL                     	0.44292462	0.4471899	0.0047675322	
S00011.glut_max.L0                     	0.78649651	0.78547303	0.0018386302	
S00011.hamstrings-pelvis_tilt.KP       	0.71435212	0.71659163	0.0022538468	
S00011.rect_fem-pelvis_tilt.KP         	-1.4522698	-1.450621	0.0020221357	
S00011.glut_med.KL                     	1.6250971	1.6251423	0.0016947373	
S00011.glut_med.L0                     	0.51444901	0.51393586	0.00042212033	
S00011.glut_med.KV                     	0.39897405	0.3961251	0.0016434809	
S00011.add_mag.KL                      	1.3206344	1.3215464	0.0025662301	
S00011.add_mag.L0                      	0.68446086	0.68449257	0.00072758607	
S00011.add_mag.KV                      	0.18909353	0.18927274	0.00025697381	
S00011.glut_med-pelvis_list.KP         	1.0972288	1.0910613	0.0052412031	
S00011.glut_med-pelvis_list.KV         	0.029442845	0.029690494	0.00025960109	
S00011.add_mag-pelvis_list.KP          	-0.54322457	-0.54383299	0.00071244829	
S00011.add_mag-pelvis_list.KV          	-0.015253023	-0.015174468	0.00022951663	
S11100.iliopsoas.KL                    	1.0611953	1.0629253	0.0010020335	
S11100.iliopsoas.L0                    	0.6537745	0.653429	0.00071726063	
S11100.rect_fem.KL                     	0.44895183	0.450796	0.0018465076	
S11100.rect_fem.L0                     	1.8022964	1.7995827	0.0032744813	
S11100.iliopsoas-pelvis_tilt.KP        	0.51688074	0.51170675	0.0045320463	
S11100.iliopsoas-hamstrings.KL         	-2.6776174	-2.6766082	0.0020268219	
S11100.iliopsoas-hamstrings.L0         	0.68568955	0.68660813	0.00075074906	
S11100.hamstrings.KL                   	0.76408016	0.76312799	0.0012325939	
S11100.hamstrings.L0                   	1.1578236	1.1574183	0.001434023	
S11100.hamstrings.KV                   	0.0088300164	0.0082581257	0.00068316285	
S11100.bifemsh.KL                      	0.29885704	0.29709498	0.0034015067	
S11100.bifemsh.L0                      	1.5885212	1.586774	0.0026607984	
S11100.bifemsh.KV                      	0.039688176	0.039935532	0.00056564477	
S11100.glut_max.KL                     	1.0478447	1.0482168	0.00091782363	
S11100.glut_max.L0                     	1.0424857	1.0434936	0.00084212929	
S11100.glut_med-femur_o.KP             	0.34166151	0.34153222	0.00032896263	
S11100.glut_med-femur_o.KV             	0.12508722	0.12538566	0.00029756674	
S11100.glut_med-femur_o.C0             	-0.034892951	-0.034534614	0.00024991848	
S11100.add_mag-femur_o.KP              	-0.60183677	-0.60253165	0.0015175139	
S11100.add_mag-femur_o.KV              	-0.30136032	-0.30142323	0.00029459126	
S11100.add_mag-femur_o.C0              	-0.0033623594	-0.0035537861	0.00015804043	
lumbar_joints.lumbar_extension-torso.P0	-0.10968889	-0.10973928	5.451045e-05	
lumbar_joints.lumbar_extension-torso.KP	160.22694	159.73849	0.47003967	
lumbar_joints.lumbar_extension-torso.KV	22.427883	22.499754	0.090362367	
lumbar_joints.lumbar_bending-torso.KP  	221.26445	221.65105	0.53604197	
lumbar_joints.lumbar_bending-torso.KV  	26.943998	26.998966	0.10875957	
lumbar_joints.lumbar_rotation-torso.KP 	291.52677	291.91147	0.64058549	
lumbar_joints.lumbar_rotation-torso.KV 	45.278853	45.382167	0.10743581	
