stance_load_threshold                  	0.21467534	0.21316797	0.0008430414	
S11111.tib_ant.KL                      	0.78110373	0.78171121	0.0011184586	
S11111.tib_ant.L0                      	0.51570473	0.51514808	0.00089522211	
S11111.tib_ant.KF                      	0.66893277	0.66866801	0.00072454487	
S11111.soleus.KL                       	0.49992224	0.49878841	0.0017040775	
S11111.soleus.L0                       	0.83785149	0.8379823	0.0011272714	
S11111.soleus.KF                       	0.89024121	0.88825339	0.0025135452	
S11111.gastroc.KL                      	0.63398431	0.63578184	0.0019578542	
S11111.gastroc.L0                      	0.84477455	0.84821277	0.0013992888	
S11111.gastroc.KF                      	0.82730631	0.8299129	0.0029519635	
S11111.tib_ant-soleus.KL               	-0.10604828	-0.1058734	0.0012927114	
S11111.tib_ant-soleus.KF               	-0.99655585	-0.9987339	0.0010987776	
S11111.tib_ant-gastroc.KL              	-0.088727101	-0.088937232	0.00091549646	
S11111.tib_ant-gastroc.KF              	-0.64277318	-0.64250642	0.0012449255	
S11111.soleus-tib_ant.KF               	-0.58589628	-0.58392762	0.00091811485	
S11111.gastroc-tib_ant.KF              	-0.65225225	-0.65164076	0.00087570946	
S00011.vasti.KL                        	1.4605879	1.4609569	0.0037515815	
S00011.vasti.L0                        	0.45236868	0.45270293	0.00047482781	
S00011.vasti.KV                        	0.01954514	0.019859202	0.00061327735	
S00011.vasti.KF                        	0.92042808	0.92139273	0.0010726853	
S00011.vasti-bifemsh.KL                	-0.85460968	-0.85184151	0.0016249035	
S00011.vasti-bifemsh.L0                	0.97195687	0.9722387	0.00065252287	
S00011.vasti-bifemsh.KV                	-0.13817371	-0.13883437	0.00070225738	
S00011.iliopsoas.KL                    	2.0536608	2.0528698	0.0034115257	
S00011.iliopsoas.L0                    	0.85935231	0.85914617	0.00057265384	
S00011.rect_fem.KL                     	0.50497151	0.50668706	0.0054462034	
S00011.rect_fem.L0                     	0.94260624	0.94454467	0.0018449579	
S00011.hamstrings.KL                   	1.050612	1.0450042	0.0034649107	
S00011.hamstrings.L0                   	0.81534459	0.81547303	0.00094384196	
S00011.hamstrings.KV                   	0.21102006	0.2110991	0.00069232321	
S00011.hamstrings-gastroc.KF           	0.19526078	0.19557184	0.0030403777	
S00011.hamstrings-gastroc.F0           	0.15303653	0.15418312	0.00071929617	
S00011.bifemsh.KL                      	1.0470283	1.0527578	0.0033320793	
S00011.bifemsh.L0                      	1.1023589	1.1045993	0.0027388336	
S00011.bifemsh.KV                      	0.065371585	0.065904694	0.00068531878	
S00011.bifemsh-gastroc.KF              	0.74191786	0.74474058	0.0038177483	
S00011.bifemsh-gastroc.F0              	0.15857331	0.15862653	0.00075065427	
S00011.glut_max.KL                     	0.2165492	0.22476668	0.0051542991	
S00011.glut_max.L0                     	0.84957174	0.85142405	0.0019206197	
S00011.hamstrings-pelvis_tilt.KP       	0.86550209	0.86540882	0.0024472205	
S00011.rect_fem-pelvis_tilt.KP         	-1.4930651	-1.4954687	0.0021254437	
S00011.glut_med.KL                     	1.6961789	1.6976004	0.0016862961	
S00011.glut_med.L0                     	0.53956226	0.5394881	0.00043655253	
S00011.glut_med.KV                     	0.39723845	0.3952041	0.0017083313	
S00011.add_mag.KL                      	1.2934787	1.2932562	0.0027102703	
S00011.add_mag.L0                      	0.71344917	0.71391963	0.00074955844	
S00011.add_mag.KV                      	0.18668512	0.18637027	0.00028789347	
S00011.glut_med-pelvis_list.KP         	1.0885599	1.0993249	0.0056727393	
S00011.glut_med-pelvis_list.KV         	0.013048584	0.013051703	0.00029185591	
S00011.add_mag-pelvis_list.KP          	-0.5575555	-0.55849064	0.00075761779	
S00011.add_mag-pelvis_list.KV          	-0.02557966	-0.025385596	0.00023625363	
S11100.iliopsoas.KL                    	1.0504147	1.0499746	0.001043724	
S11100.iliopsoas.L0                    	0.66595497	0.66635167	0.00074491618	
S11100.rect_fem.KL                     	0.51467549	0.51636243	0.0020136792	
S11100.rect_fem.L0                     	1.891679	1.8923089	0.0035036739	
S11100.iliopsoas-pelvis_tilt.KP        	0.45069825	0.44801739	0.0049435991	
S11100.iliopsoas-hamstrings.KL         	-2.5831895	-2.5796656	0.0021893754	
S11100.iliopsoas-hamstrings.L0         	0.718124	0.71832065	0.00073005171	
S11100.hamstrings.KL                   	0.72230516	0.72343568	0.0012473581	
S11100.hamstrings.L0                   	1.1704381	1.1718449	0.0015196983	
S11100.hamstrings.KV                   	0.0013903776	0.00088748551	0.00070419881	
S11100.bifemsh.KL                      	0.48025074	0.47878476	0.003896429	
S11100.bifemsh.L0                      	1.5172242	1.5206916	0.0027329282	
S11100.bifemsh.KV                      	0.027225022	0.027031744	0.00058930764	
S11100.glut_max.KL                     	1.0638087	1.0633902	0.00096499221	
S11100.glut_max.L0                     	1.0374375	1.0394067	0.00091321534	
S11100.glut_med-femur_o.KP             	0.31793414	0.31840832	0.00035192968	
S11100.glut_med-femur_o.KV             	0.12111037	0.12096297	0.00030809879	
S11100.glut_med-femur_o.C0             	-0.034875307	-0.034931908	0.00025864171	
S11100.add_mag-femur_o.KP              	-0.61772208	-0.61999097	0.001548826	
S11100.add_mag-femur_o.KV              	-0.29375878	-0.29368822	0.00030952225	
S11100.add_mag-femur_o.C0              	-0.0037553047	-0.0037613873	0.00016720929	
lumbar_joints.lumbar_extension-torso.P0	-0.10873392	-0.10869902	5.8108378e-05	
lumbar_joints.lumbar_extension-torso.KP	183.33548	182.99253	0.47748791	
lumbar_joints.lumbar_extension-torso.KV	21.003073	21.074707	0.091350504	
lumbar_joints.lumbar_bending-torso.KP  	225.48328	225.01157	0.56131073	
lumbar_joints.lumbar_bending-torso.KV  	17.121051	17.036236	0.119561	
lumbar_joints.lumbar_rotation-torso.KP 	254.69935	254.16247	0.68658436	
lumbar_joints.lumbar_rotation-torso.KV 	40.970081	41.008872	0.11777849	
