pelvis_tilt.offset                     	0.02392019	0.025324357	0.002162143	
pelvis_list.offset                     	0.01473112	0.014255817	0.0020913205	
pelvis_rotation.offset                 	0.0030844204	0.0041320898	0.0022442225	
hip_flexion_r.offset                   	-0.020855393	-0.022112588	0.0021583377	
hip_adduction_r.offset                 	-0.048970969	-0.04725681	0.0022096399	
hip_rotation_r.offset                  	-0.027031797	-0.02659738	0.0022363745	
knee_angle_r.offset                    	-0.00048780939	0.0015412309	0.0022396861	
ankle_angle_r.offset                   	0.0003900632	-0.00141951	0.0022627239	
hip_flexion_l.offset                   	0.055029735	0.054306262	0.0022222157	
hip_adduction_l.offset                 	-0.05233767	-0.053999535	0.0022403552	
hip_rotation_l.offset                  	0.023450974	0.02381852	0.0022278823	
knee_angle_l.offset                    	0.015684806	0.013153453	0.0022630367	
ankle_angle_l.offset                   	-0.016732775	-0.016080833	0.0022707986	
lumbar_extension.offset                	0.0049163893	0.00093618763	0.0021770956	
lumbar_bending.offset                  	-0.0064242713	-0.0021603392	0.0021923887	
lumbar_rotation.offset                 	0.063467111	0.060286417	0.0022611168	
stance_load_threshold                  	0.21503353	0.21474844	0.00038144803	
S11111.tib_ant.KL                      	0.78746784	0.78821987	0.0005143196	
S11111.tib_ant.L0                      	0.51240338	0.51190963	0.00040342518	
S11111.tib_ant.KF                      	0.65909964	0.65925681	0.00033631624	
S11111.soleus.KL                       	0.47580598	0.47497673	0.00076719389	
S11111.soleus.L0                       	0.83960407	0.84011857	0.00050370351	
S11111.soleus.KF                       	0.93966597	0.94099127	0.0011585602	
S11111.gastroc.KL                      	0.60343314	0.60379429	0.00089663448	
S11111.gastroc.L0                      	0.85836183	0.85872444	0.00063139431	
S11111.gastroc.KF                      	0.8123452	0.81314565	0.0013231352	
S11111.tib_ant-soleus.KL               	-0.10335018	-0.10387821	0.00057781991	
S11111.tib_ant-soleus.KF               	-1.0085774	-1.0080334	0.00050348492	
S11111.tib_ant-gastroc.KL              	-0.089636811	-0.08933279	0.00041043646	
S11111.tib_ant-gastroc.KF              	-0.64823993	-0.64788641	0.00055717045	
S11111.soleus-tib_ant.KF               	-0.58786807	-0.58780451	0.00041773486	
S11111.gastroc-tib_ant.KF              	-0.63985954	-0.63989461	0.00040563476	
S00011.vasti.KL                        	1.4582801	1.4585251	0.0016679165	
S00011.vasti.L0                        	0.45454617	0.45440431	0.00021228156	
S00011.vasti.KV                        	0.028177423	0.028022382	0.00027875753	
S00011.vasti.KF                        	0.91951039	0.9197125	0.00049365715	
S00011.vasti-bifemsh.KL                	-0.84009832	-0.84028047	0.00075561425	
S00011.vasti-bifemsh.L0                	0.97636206	0.97604257	0.0002964089	
S00011.vasti-bifemsh.KV                	-0.14304998	-0.14289346	0.00031006288	
S00011.iliopsoas.KL                    	2.0697361	2.0704587	0.0015268595	
S00011.iliopsoas.L0                    	0.85897361	0.85820567	0.00025495844	
S00011.rect_fem.KL                     	0.45680987	0.45397138	0.0024962095	
S00011.rect_fem.L0                     	0.93254908	0.93371271	0.00082618009	
S00011.hamstrings.KL                   	1.0333481	1.0319446	0.0015926345	
S00011.hamstrings.L0                   	0.81026766	0.81037429	0.00041942258	
S00011.hamstrings.KV                   	0.20695002	0.20664875	0.0003119539	
S00011.hamstrings-gastroc.KF           	0.18948854	0.19102918	0.0013732202	
S00011.hamstrings-gastroc.F0           	0.15044751	0.15136764	0.0003351273	
S00011.bifemsh.KL                      	1.0457148	1.0459695	0.0014857407	
S00011.bifemsh.L0                      	1.0891173	1.0906689	0.0012342339	
S00011.bifemsh.KV                      	0.073019044	0.07276725	0.00031769712	
S00011.bifemsh-gastroc.KF              	0.65060515	0.65150161	0.001727567	
S00011.bifemsh-gastroc.F0              	0.15923872	0.15904969	0.0003427007	
S00011.glut_max.KL                     	0.30911805	0.30574309	0.0023978732	
S00011.glut_max.L0                     	0.87526309	0.8751053	0.00087701031	
S00011.hamstrings-pelvis_tilt.KP       	0.88749554	0.88826248	0.0011083833	
S00011.rect_fem-pelvis_tilt.KP         	-1.4714917	-1.4699037	0.00095057046	
S00011.glut_med.KL                     	1.7049086	1.7042727	0.00074046882	
S00011.glut_med.L0                     	0.53733358	0.53732101	0.00019490736	
S00011.glut_med.KV                     	0.39386482	0.39333176	0.00078404168	
S00011.add_mag.KL                      	1.2828183	1.2828491	0.0012365211	
S00011.add_mag.L0                      	0.71935487	0.71905586	0.00034276004	
S00011.add_mag.KV                      	0.1880482	0.18817681	0.00012885775	
S00011.glut_med-pelvis_list.KP         	1.202562	1.1997162	0.002580006	
S00011.glut_med-pelvis_list.KV         	0.015256339	0.015091791	0.0001305264	
S00011.add_mag-pelvis_list.KP          	-0.56835742	-0.56859367	0.00034078701	
S00011.add_mag-pelvis_list.KV          	-0.026037852	-0.025859353	0.00010558288	
S11100.iliopsoas.KL                    	1.0526519	1.0524906	0.00046795176	
S11100.iliopsoas.L0                    	0.65838852	0.65861683	0.00033076829	
S11100.rect_fem.KL                     	0.51341796	0.51273552	0.00090723653	
S11100.rect_fem.L0                     	1.8931126	1.8972241	0.0015848494	
S11100.iliopsoas-pelvis_tilt.KP        	0.43727565	0.44022397	0.0022281133	
S11100.iliopsoas-hamstrings.KL         	-2.5811085	-2.5795242	0.00097305263	
S11100.iliopsoas-hamstrings.L0         	0.7238835	0.72328052	0.00033233428	
S11100.hamstrings.KL                   	0.71240258	0.71221731	0.00056864203	
S11100.hamstrings.L0                   	1.1604687	1.1609586	0.00069637822	
S11100.hamstrings.KV                   	0.0034679669	0.0034827328	0.00031534268	
S11100.bifemsh.KF                      	0.11310393	0.11355282	0.0022795489	
S11100.glut_max.KL                     	1.0512574	1.0512211	0.00043688856	
S11100.glut_max.L0                     	1.022352	1.022832	0.00041460849	
S11100.glut_med-femur_o.KP             	0.322807	0.32303866	0.00016126258	
S11100.glut_med-femur_o.KV             	0.12212741	0.12206593	0.00013970085	
S11100.glut_med-femur_o.C0             	-0.03746199	-0.037422231	0.00011629684	
S11100.add_mag-femur_o.KP              	-0.62931025	-0.62881652	0.00069617272	
S11100.add_mag-femur_o.KV              	-0.28746358	-0.28747575	0.00014064341	
S11100.add_mag-femur_o.C0              	-0.0054061139	-0.005416881	7.6413993e-05	
lumbar_joints.lumbar_extension-torso.P0	-0.1092013	-0.109193	2.6071642e-05	
lumbar_joints.lumbar_extension-torso.KP	184.2748	184.11059	0.21517739	
lumbar_joints.lumbar_extension-torso.KV	22.057968	22.051083	0.040876074	
lumbar_joints.lumbar_bending-torso.KP  	221.35968	221.40865	0.2605604	
lumbar_joints.lumbar_bending-torso.KV  	18.041633	18.005599	0.053812929	
lumbar_joints.lumbar_rotation-torso.KP 	257.50852	256.97975	0.31816178	
lumbar_joints.lumbar_rotation-torso.KV 	39.921821	39.973691	0.053037278	
