pelvis_tilt.offset              	0.057192329	0.060171172	0.0045437413	
hip_flexion_r.offset            	-0.014617674	-0.021119711	0.0045429071	
knee_angle_r.offset             	-0.037814633	-0.035534912	0.0046499828	
ankle_angle_r.offset            	-0.14839779	-0.14944032	0.0048426964	
hip_flexion_l.offset            	0.079982984	0.080216793	0.0047114428	
knee_angle_l.offset             	-0.020484894	-0.020139249	0.004749824	
ankle_angle_l.offset            	0.0234556	0.026260749	0.0047766493	
stance_load_threshold           	0.097331898	0.097550281	0.0047835821	
S11111.tib_ant.KL               	1.0174804	1.0159103	0.024946353	
S11111.tib_ant.L0               	0.68616604	0.68023922	0.013669542	
S11111.tib_ant-soleus.KF        	-0.24130845	-0.22771099	0.0068371139	
S00111.soleus.KF                	1.1627461	1.1896178	0.029048025	
S00111.gastroc.KF               	1.6428562	1.6360223	0.053046095	
S00011.vasti.KF                 	0.65272421	0.64873685	0.02442979	
S00011.vasti.C0                 	0.22645248	0.22715603	0.0042859842	
S00011.vasti-knee_angle.pos_max 	-0.21857573	-0.21149957	0.0046007934	
S00011.hamstrings-pelvis_tilt.KP	2.4356735	2.4903157	0.04370553	
S00011.hamstrings-pelvis_tilt.KV	0.50654191	0.50867376	0.0097180532	
S00011.hamstrings-pelvis_tilt.C0	-0.012191586	-0.019799088	0.0049231443	
S00011.glut_max-pelvis_tilt.KP  	1.1460621	1.2248401	0.046373053	
S00011.glut_max-pelvis_tilt.KV  	0.24314907	0.25387504	0.0099655665	
S00011.glut_max-pelvis_tilt.C0  	-0.097078498	-0.10925501	0.0045511617	
S00011.iliopsoas-pelvis_tilt.KP 	-2.506114	-2.4229534	0.043044446	
S00011.iliopsoas-pelvis_tilt.KV 	-0.69427176	-0.67986915	0.012829522	
S00011.iliopsoas-pelvis_tilt.C0 	0.10673924	0.10523894	0.0046444718	
S00100.iliopsoas.C0             	0.48195721	0.48354166	0.009709986	
S00100.glut_max.C0              	-0.0087206092	-0.018458319	0.0047356571	
S11000.iliopsoas.KL             	0.062581757	0.063804524	0.0063411692	
S11000.iliopsoas.L0             	0.33895872	0.31122641	0.015468194	
S11000.iliopsoas-pelvis_tilt.P0 	0.026986777	0.032440237	0.0049148582	
S11000.iliopsoas-pelvis_tilt.KP 	1.2283597	1.221654	0.020364954	
S11000.iliopsoas-pelvis_tilt.KV 	0.20610527	0.21164642	0.0047117456	
S11000.iliopsoas-hamstrings.KL  	-0.86802054	-0.87227252	0.046171278	
S11000.iliopsoas-hamstrings.L0  	0.64643978	0.65311817	0.014896573	
S11000.hamstrings.KF            	0.16254538	0.16348947	0.012243595	
S11000.glut_max.KF              	0.51374841	0.51271119	0.0092343573	
