pelvis_tilt.offset              	0.068304017	0.068456451	0.00017738121	
hip_flexion_r.offset            	0.010614751	0.010586981	0.00019800931	
knee_angle_r.offset             	-0.070803033	-0.070998947	0.0002084093	
ankle_angle_r.offset            	-0.13393455	-0.13412299	0.00020577292	
hip_flexion_l.offset            	0.053710224	0.053917552	0.00021371289	
knee_angle_l.offset             	0.010033794	0.010248223	0.00021772795	
ankle_angle_l.offset            	0.050499724	0.050293633	0.00020742888	
stance_load_threshold           	0.075848404	0.076199054	0.00020106948	
S11111.tib_ant.KL               	1.1926102	1.1926508	0.0010502248	
S11111.tib_ant.L0               	0.75042011	0.75040071	0.00048691404	
S11111.tib_ant-soleus.KF        	-0.28612382	-0.28619233	0.00033442252	
S00111.soleus.KF                	1.0552683	1.0549203	0.00081439078	
S00111.gastroc.KF               	1.4998841	1.4997364	0.0015828975	
S00011.vasti.KF                 	0.9641636	0.96557761	0.00091303211	
S00011.vasti.C0                 	0.1465467	0.14647925	0.00017298265	
S00011.vasti-knee_angle.pos_max 	-0.30327799	-0.30329471	0.00021294921	
S00011.hamstrings-pelvis_tilt.KP	1.9701015	1.9691275	0.0018362462	
S00011.hamstrings-pelvis_tilt.KV	0.49729529	0.49675705	0.00044709659	
S00011.hamstrings-pelvis_tilt.C0	-0.03013876	-0.030337169	0.00020758725	
S00011.glut_max-pelvis_tilt.KP  	1.2834117	1.2815184	0.0022489929	
S00011.glut_max-pelvis_tilt.KV  	0.29064229	0.29051522	0.00043731859	
S00011.glut_max-pelvis_tilt.C0  	-0.13236473	-0.13242636	0.00019240172	
S00011.iliopsoas-pelvis_tilt.KP 	-2.6020944	-2.603007	0.0017548751	
S00011.iliopsoas-pelvis_tilt.KV 	-0.6826192	-0.68243893	0.0005594003	
S00011.iliopsoas-pelvis_tilt.C0 	0.13785737	0.13798536	0.00020824833	
S00100.iliopsoas.C0             	0.43644483	0.43574029	0.00041632743	
S00100.glut_max.C0              	-0.052896619	-0.052861424	0.00022274812	
S11000.iliopsoas.KL             	0.0030810598	0.003278645	0.00027802211	
S11000.iliopsoas.L0             	0.35168	0.35203891	0.00070830691	
S11000.iliopsoas-pelvis_tilt.P0 	0.019705235	0.019895808	0.00020559843	
S11000.iliopsoas-pelvis_tilt.KP 	1.1744644	1.1767806	0.00088947181	
S11000.iliopsoas-pelvis_tilt.KV 	0.27918037	0.27931624	0.00021945321	
S11000.iliopsoas-hamstrings.KL  	-0.62210569	-0.62273499	0.0019141081	
S11000.iliopsoas-hamstrings.L0  	0.59793747	0.59737892	0.00058060882	
S11000.hamstrings.KF            	0.12998611	0.13032423	0.00053893716	
S11000.glut_max.KF              	0.55134557	0.55085124	0.00043039526	
