pelvis_tilt.offset              	-0.023923001	-0.02207726	0.0010869563	
hip_flexion_r.offset            	0.0015020252	0.002811918	0.0011016463	
knee_angle_r.offset             	0.026946966	0.02729949	0.0011294005	
ankle_angle_r.offset            	-0.0089391041	-0.01000348	0.001121083	
hip_flexion_l.offset            	0.049424631	0.050600482	0.0010683198	
knee_angle_l.offset             	-0.0071028657	-0.0073753726	0.0010857775	
ankle_angle_l.offset            	-0.053023954	-0.052812802	0.0011056233	
stance_load_threshold           	0.28168695	0.28125453	0.0010940805	
S11111.tib_ant.KL               	0.64857246	0.65038311	0.0013627742	
S11111.tib_ant.L0               	0.53880853	0.54030561	0.0011822479	
S11111.tib_ant.KF               	0.48600622	0.48539524	0.0011629004	
S11111.soleus.KL                	0.70852769	0.70801922	0.0015627462	
S11111.soleus.L0                	0.85217396	0.85186006	0.0016338999	
S11111.soleus.KF                	0.87594193	0.87879775	0.0023374367	
S11111.gastroc.KL               	0.45948841	0.45987753	0.0010740289	
S11111.gastroc.L0               	0.72904231	0.73010135	0.0014485485	
S11111.gastroc.KF               	0.82155252	0.82258606	0.0016535384	
S11111.tib_ant-soleus.KL        	-0.05328705	-0.052624573	0.0011149664	
S11111.tib_ant-soleus.KF        	-0.92072237	-0.92188005	0.0021252604	
S11111.tib_ant-gastroc.KL       	-0.018078482	-0.019625792	0.0010748243	
S11111.tib_ant-gastroc.KF       	-0.70153838	-0.70361301	0.0015983247	
S11111.soleus-tib_ant.KF        	-0.68384057	-0.68464445	0.0013841915	
S11111.gastroc-tib_ant.KF       	-0.66706231	-0.6698282	0.0016550131	
S00011.vasti.KL                 	1.7424423	1.7391679	0.0043116142	
S00011.vasti.L0                 	0.61615249	0.615492	0.0010971196	
S00011.vasti.KF                 	0.82139952	0.82414311	0.0017771012	
S00011.iliopsoas.KL             	2.1904575	2.1844459	0.0044940465	
S00011.iliopsoas.L0             	0.9022743	0.90011711	0.0015063615	
S00011.rect_fem.KL              	0.16527999	0.16447	0.0011207679	
S00011.rect_fem.L0              	0.44996759	0.44816583	0.0011652216	
S00011.hamstrings.KL            	0.74380746	0.74463622	0.0017873876	
S00011.hamstrings.L0            	0.73908618	0.73645696	0.0014616976	
S00011.bifemsh.KF               	0.16230018	0.16313101	0.0010571059	
S00011.glut_max.KL              	0.4893857	0.48943799	0.0010977553	
S00011.glut_max.L0              	1.0673995	1.0648865	0.0024527441	
S00011.hamstrings-pelvis_tilt.KP	1.2212042	1.2223371	0.002826548	
S00011.hamstrings-pelvis_tilt.KV	0.22547988	0.22562173	0.0011180456	
S00011.glut_max-pelvis_tilt.KP  	0.96187463	0.96214395	0.002207273	
S00011.rect_fem-pelvis_tilt.KP  	-1.1117679	-1.109322	0.0024021009	
S00011.rect_fem-pelvis_tilt.KV  	-0.023644504	-0.025439508	0.0010266961	
S11100.iliopsoas.KL             	0.98753103	0.9876648	0.0020637146	
S11100.iliopsoas.L0             	0.68006027	0.67959501	0.0015460757	
S11100.rect_fem.KL              	0.52432661	0.52325807	0.0011603655	
S11100.rect_fem.L0              	1.3345123	1.33469	0.0025503029	
S11100.iliopsoas-pelvis_tilt.KP 	1.7149335	1.7160073	0.0036959371	
S11100.iliopsoas-pelvis_tilt.KV 	0.28514809	0.28584089	0.0010664336	
S11100.iliopsoas-hamstrings.KL  	-2.8426204	-2.8387549	0.0065869743	
S11100.iliopsoas-hamstrings.L0  	0.67938283	0.68104412	0.0014357877	
S11100.hamstrings.KL            	0.24772326	0.245992	0.0011128642	
S11100.hamstrings.L0            	1.1912534	1.1894241	0.002603338	
S11100.bifemsh.KF               	0.23762982	0.23917345	0.0011026537	
S11100.glut_max.KL              	0.91298361	0.91440261	0.0022463334	
S11100.glut_max.L0              	0.84302126	0.84334813	0.001747783	
