pelvis_tilt.offset              	0.020117946	0.012652582	0.0045429385	
hip_flexion_r.offset            	-0.036894883	-0.036553966	0.004619291	
knee_angle_r.offset             	-0.026861263	-0.021953263	0.0044900482	
ankle_angle_r.offset            	0.036653244	0.025035921	0.0044932698	
hip_flexion_l.offset            	0.027368755	0.028247712	0.0051968314	
knee_angle_l.offset             	-0.076565706	-0.075855463	0.0044986675	
ankle_angle_l.offset            	0.016176592	0.019021158	0.0045067265	
stance_load_threshold           	0.29506624	0.28893319	0.0081392071	
swing_load_threshold            	0.057711211	0.076573554	0.0087867622	
S11111.tib_ant.KL               	0.69808355	0.68998469	0.010401705	
S11111.tib_ant.L0               	0.55743118	0.55226609	0.009009997	
S11111.tib_ant.KF               	0.4894262	0.49231335	0.006833498	
S11111.soleus.KL                	0.77812001	0.77418952	0.016718997	
S11111.soleus.L0                	0.904089	0.89432456	0.010183101	
S11111.soleus.KF                	0.73360529	0.72242601	0.022312199	
S11111.gastroc.KL               	0.48416073	0.48759217	0.018199828	
S11111.gastroc.L0               	0.63349525	0.63607227	0.013531014	
S11111.gastroc.KF               	0.6033521	0.62936354	0.026950835	
S11111.tib_ant-soleus.KL        	-0.078206505	-0.090789787	0.012124677	
S11111.tib_ant-soleus.KF        	-0.99478023	-0.99274725	0.010088299	
S11111.tib_ant-gastroc.KL       	-0.015739572	-0.011326244	0.0090749375	
S11111.tib_ant-gastroc.KF       	-0.73299064	-0.74464691	0.011648472	
S11111.soleus-tib_ant.KF        	-0.50502284	-0.51605512	0.0091801434	
S11111.gastroc-tib_ant.KF       	-0.83325446	-0.82008435	0.0086138012	
S00011.vasti.KL                 	1.5754275	1.5541995	0.041438546	
S00011.vasti.L0                 	0.60894408	0.60862705	0.0038363868	
S00011.vasti.KF                 	0.83284277	0.84542251	0.0096026299	
S00011.iliopsoas.KL             	2.0637822	2.043857	0.031227066	
S00011.iliopsoas.L0             	0.86768819	0.86556269	0.0057264243	
S00011.rect_fem.KL              	0.14911116	0.18837936	0.043746432	
S00011.rect_fem.L0              	0.52923499	0.47338836	0.019922654	
S00011.hamstrings.KL            	1.3635594	1.3075243	0.03109332	
S00011.hamstrings.L0            	0.84347624	0.83530975	0.0090204145	
S00011.bifemsh.KL               	1.6137371	1.6147655	0.034206012	
S00011.bifemsh.L0               	1.5311481	1.5153452	0.026953995	
S00011.glut_max.KL              	0.50808887	0.51655963	0.048935164	
S00011.glut_max.L0              	0.94302286	0.96285108	0.019079132	
S00011.hamstrings-pelvis_tilt.KP	1.556332	1.5327614	0.026201327	
S00011.hamstrings-pelvis_tilt.KV	0.16836907	0.15970359	0.0085746737	
S00011.glut_max-pelvis_tilt.KP  	0.99546723	1.0195072	0.021369314	
S00011.glut_max-pelvis_tilt.KV  	-0.041417184	-0.043660443	0.0072239806	
S00011.iliopsoas-pelvis_tilt.KP 	0.25793028	0.23765992	0.030450786	
S00011.iliopsoas-pelvis_tilt.KV 	-0.073399278	-0.083835269	0.0083990671	
S00011.rect_fem-pelvis_tilt.KP  	-1.0173349	-1.0000969	0.019401305	
S00011.rect_fem-pelvis_tilt.KV  	-0.056499793	-0.044471752	0.0082252639	
S11100.iliopsoas.KL             	0.97420566	0.98225303	0.010374014	
S11100.iliopsoas.L0             	0.74373547	0.73867774	0.0074639313	
S11100.rect_fem.KL              	0.36345057	0.33475173	0.018103753	
S11100.rect_fem.L0              	1.3037053	1.3348497	0.032502543	
S11100.iliopsoas-pelvis_tilt.KP 	1.0880344	1.0392999	0.044469642	
S11100.iliopsoas-pelvis_tilt.KV 	0.17637747	0.15909895	0.0089819551	
S11100.iliopsoas-hamstrings.KL  	-2.8490539	-2.8209527	0.021718351	
S11100.iliopsoas-hamstrings.L0  	0.78225854	0.77597375	0.0070273435	
S11100.hamstrings.KL            	0.23606228	0.24896228	0.01246171	
S11100.hamstrings.L0            	1.2082019	1.2200936	0.014722673	
S11100.bifemsh.KL               	0.7772554	0.83827254	0.033056092	
S11100.bifemsh.L0               	1.4520104	1.4689241	0.027155267	
S11100.glut_max.KL              	1.0007243	1.007733	0.0091621401	
S11100.glut_max.L0              	0.83977968	0.84798852	0.0071084576	
