pelvis_tilt.offset              	0.0057607423	0.0079303676	0.0054000659	
hip_flexion_r.offset            	-0.018308042	-0.020137462	0.0058874426	
knee_angle_r.offset             	0.039238805	0.040778702	0.0057336569	
ankle_angle_r.offset            	-0.21437028	-0.22106082	0.0063823082	
hip_flexion_l.offset            	0.14236401	0.13226168	0.0061775765	
knee_angle_l.offset             	-0.030438588	-0.033491523	0.0062022872	
ankle_angle_l.offset            	0.013352565	0.0054664206	0.0064493584	
stance_load_threshold           	0.014776301	0.022884717	0.0064373779	
S11111.tib_ant.KL               	1.4600613	1.4210501	0.032937597	
S11111.tib_ant.L0               	0.76491905	0.75921893	0.013219781	
S11111.tib_ant-soleus.KF        	-0.31292902	-0.2956691	0.0089264913	
S00111.soleus.KF                	-0.12609886	-0.12133265	0.041590262	
S00111.gastroc.KF               	1.2737503	1.300209	0.048996403	
S00011.vasti.KF                 	0.79905733	0.79825027	0.025655193	
S00011.vasti.C0                 	0.14370156	0.14213362	0.004728471	
S00011.vasti-knee_angle.pos_max 	-0.23651281	-0.22528176	0.0059166396	
S00011.hamstrings-pelvis_tilt.KP	2.066628	2.11839	0.055156828	
S00011.hamstrings-pelvis_tilt.KV	0.5616303	0.54671641	0.012701436	
S00011.hamstrings-pelvis_tilt.C0	-0.12046404	-0.12773516	0.0063764529	
S00011.glut_max-pelvis_tilt.KP  	1.8636128	1.8364928	0.058674157	
S00011.glut_max-pelvis_tilt.KV  	0.40667389	0.40194705	0.013264595	
S00011.glut_max-pelvis_tilt.C0  	-0.10993917	-0.10871378	0.0057617647	
S00011.iliopsoas-pelvis_tilt.KP 	-3.6700522	-3.6078206	0.057843441	
S00011.iliopsoas-pelvis_tilt.KV 	-0.93501685	-0.92778404	0.017474947	
S00011.iliopsoas-pelvis_tilt.C0 	0.2761081	0.2793825	0.0063579778	
S00100.iliopsoas.C0             	0.41900092	0.44530024	0.013181291	
S00100.glut_max.C0              	-0.055121835	-0.057517491	0.0063467957	
S11000.iliopsoas.KL             	0.022794091	0.028948	0.0085820583	
S11000.iliopsoas.L0             	0.9956393	1.0317146	0.020829364	
S11000.iliopsoas-pelvis_tilt.P0 	-0.11174514	-0.10967845	0.0058807208	
S11000.iliopsoas-pelvis_tilt.KP 	1.1201878	1.092046	0.027513067	
S11000.iliopsoas-pelvis_tilt.KV 	0.20848808	0.20356342	0.006086147	
S11000.iliopsoas-hamstrings.KL  	-0.10915784	-0.16179512	0.055613877	
S11000.iliopsoas-hamstrings.L0  	0.95768878	0.94433495	0.017437543	
S11000.hamstrings.KF            	0.3412813	0.37696909	0.016351308	
S11000.glut_max.KF              	0.64639145	0.65509086	0.012896051	
