pelvis_tilt.offset              	0.015665953	0.015647421	0.0010097444	
hip_flexion_r.offset            	-0.07072439	-0.07117709	0.0010393645	
knee_angle_r.offset             	0.075666976	0.075000325	0.0010395711	
ankle_angle_r.offset            	0.054034289	0.055160541	0.001009837	
hip_flexion_l.offset            	0.0065624804	0.007447646	0.0011082691	
knee_angle_l.offset             	-0.053919243	-0.054273151	0.0010038686	
ankle_angle_l.offset            	0.037603526	0.036589431	0.00096810018	
stance_load_threshold           	0.29504522	0.29620302	0.0018362427	
swing_load_threshold            	0.01002398	0.0094865922	0.0018565696	
S11111.tib_ant.KL               	0.62927625	0.63143796	0.0021877819	
S11111.tib_ant.L0               	0.54779431	0.54641561	0.0018574939	
S11111.tib_ant.KF               	0.50282006	0.5028737	0.0015675922	
S11111.soleus.KL                	0.65116124	0.65703946	0.0034268796	
S11111.soleus.L0                	0.86603328	0.86811422	0.0017482102	
S11111.soleus.KF                	0.97041584	0.96989188	0.0040625921	
S11111.gastroc.KL               	0.49016611	0.49245886	0.0039054302	
S11111.gastroc.L0               	0.67862535	0.67976662	0.0027903624	
S11111.gastroc.KF               	0.7767522	0.77527552	0.0052838123	
S11111.tib_ant-soleus.KL        	-0.080923578	-0.084119824	0.0027264631	
S11111.tib_ant-soleus.KF        	-0.97583095	-0.97417321	0.0021599493	
S11111.tib_ant-gastroc.KL       	-0.050104757	-0.049120793	0.0020426331	
S11111.tib_ant-gastroc.KF       	-0.72611818	-0.72624266	0.0024509667	
S11111.soleus-tib_ant.KF        	-0.64424026	-0.64096676	0.0019035322	
S11111.gastroc-tib_ant.KF       	-0.76637563	-0.76683677	0.0019558079	
S00011.vasti.KL                 	1.9506257	1.9558987	0.0091723202	
S00011.vasti.L0                 	0.61824053	0.61727626	0.00073750036	
S00011.vasti.KF                 	0.81242849	0.81106512	0.0022352528	
S00011.iliopsoas.KL             	2.0266184	2.0327174	0.0065486699	
S00011.iliopsoas.L0             	0.90364199	0.90551845	0.0011584345	
S00011.rect_fem.KL              	0.15207275	0.15804669	0.0089273177	
S00011.rect_fem.L0              	0.54725064	0.54612522	0.0042897211	
S00011.hamstrings.KL            	0.84375445	0.83821515	0.0068459012	
S00011.hamstrings.L0            	0.75884331	0.75803842	0.0021202556	
S00011.bifemsh.KL               	1.6198893	1.6257564	0.0078283277	
S00011.bifemsh.L0               	1.9543628	1.9570693	0.0056674882	
S00011.glut_max.KL              	0.47519161	0.45716659	0.011159187	
S00011.glut_max.L0              	1.105276	1.1023695	0.0040436489	
S00011.hamstrings-pelvis_tilt.KP	1.3488856	1.3444178	0.0055373473	
S00011.hamstrings-pelvis_tilt.KV	0.23290904	0.23398636	0.0018572204	
S00011.glut_max-pelvis_tilt.KP  	1.0563205	1.058604	0.0050141212	
S00011.glut_max-pelvis_tilt.KV  	-0.017795543	-0.017178581	0.0015294212	
S00011.iliopsoas-pelvis_tilt.KP 	0.095659626	0.090028444	0.0069426356	
S00011.iliopsoas-pelvis_tilt.KV 	0.044508598	0.043866495	0.0018006391	
S00011.rect_fem-pelvis_tilt.KP  	-1.1491585	-1.1486257	0.0043995974	
S00011.rect_fem-pelvis_tilt.KV  	-0.024429486	-0.025433578	0.0018777716	
S11100.iliopsoas.KL             	0.99198818	0.98939286	0.0022803189	
S11100.iliopsoas.L0             	0.71423598	0.71257093	0.0015756188	
S11100.rect_fem.KL              	0.44167293	0.44231574	0.0037653854	
S11100.rect_fem.L0              	1.2152041	1.2191959	0.007064415	
S11100.iliopsoas-pelvis_tilt.KP 	1.7201179	1.6942191	0.0097629553	
S11100.iliopsoas-pelvis_tilt.KV 	0.35008043	0.34768928	0.002121532	
S11100.iliopsoas-hamstrings.KL  	-2.9589014	-2.9554927	0.0048787493	
S11100.iliopsoas-hamstrings.L0  	0.69386543	0.6953251	0.0013508701	
S11100.hamstrings.KL            	0.19356047	0.19486166	0.002739982	
S11100.hamstrings.L0            	1.2308342	1.2254458	0.0033683606	
S11100.bifemsh.KL               	0.67528418	0.65840288	0.0073368027	
S11100.bifemsh.L0               	1.6843124	1.6728707	0.005886969	
S11100.glut_max.KL              	1.0509407	1.0503854	0.0020730531	
S11100.glut_max.L0              	0.84196847	0.84183137	0.0014302926	
