pelvis_tilt.offset              	0.0093685393	0.011357799	0.0014131804	
hip_flexion_r.offset            	-0.066349119	-0.065452612	0.0015113162	
knee_angle_r.offset             	-0.010846147	-0.012009566	0.001458911	
ankle_angle_r.offset            	0.029606009	0.031965419	0.0014230983	
hip_flexion_l.offset            	0.036380759	0.037535612	0.001648172	
knee_angle_l.offset             	-0.10026315	-0.098989244	0.0015385742	
ankle_angle_l.offset            	0.0014356914	-0.00097424445	0.0014091235	
stance_load_threshold           	0.31454134	0.31103315	0.0027104042	
swing_load_threshold            	0.069818363	0.068113999	0.0027805772	
S11111.tib_ant.KL               	0.63997882	0.64119896	0.0033781976	
S11111.tib_ant.L0               	0.50892128	0.50891909	0.0027994487	
S11111.tib_ant.KF               	0.46309111	0.46387786	0.0022074527	
S11111.soleus.KL                	0.84766131	0.84366759	0.0053358217	
S11111.soleus.L0                	0.94276599	0.94252433	0.0029893257	
S11111.soleus.KF                	0.82538323	0.82290051	0.007020935	
S11111.gastroc.KL               	0.51299614	0.5143046	0.0054835821	
S11111.gastroc.L0               	0.67830297	0.67353607	0.0040727484	
S11111.gastroc.KF               	0.61380103	0.61443715	0.0079980584	
S11111.tib_ant-soleus.KL        	-0.038344456	-0.041124639	0.0038449229	
S11111.tib_ant-soleus.KF        	-0.91999751	-0.91548701	0.0032352507	
S11111.tib_ant-gastroc.KL       	-0.078843221	-0.08251316	0.0028746625	
S11111.tib_ant-gastroc.KF       	-0.69493913	-0.69725163	0.0035964553	
S11111.soleus-tib_ant.KF        	-0.46966428	-0.47440619	0.0030054355	
S11111.gastroc-tib_ant.KF       	-0.84411492	-0.84811074	0.0027763514	
S00011.vasti.KL                 	1.5801301	1.5832966	0.013238381	
S00011.vasti.L0                 	0.61855077	0.61702037	0.0011458422	
S00011.vasti.KF                 	0.76847498	0.76749525	0.0032234383	
S00011.iliopsoas.KL             	2.0271138	2.0221998	0.009880467	
S00011.iliopsoas.L0             	0.88691037	0.88516491	0.0017196265	
S00011.rect_fem.KL              	0.1456313	0.13743163	0.01350878	
S00011.rect_fem.L0              	0.58082138	0.59299668	0.0063185742	
S00011.hamstrings.KL            	1.2595488	1.2656878	0.0097136258	
S00011.hamstrings.L0            	0.8494343	0.85022852	0.0026413185	
S00011.bifemsh.KL               	1.735779	1.7361142	0.010770206	
S00011.bifemsh.L0               	1.350253	1.3492592	0.0086566989	
S00011.glut_max.KL              	0.5075776	0.4927903	0.015263923	
S00011.glut_max.L0              	1.0304122	1.0267513	0.006033017	
S00011.hamstrings-pelvis_tilt.KP	1.7567177	1.7594289	0.0083572234	
S00011.hamstrings-pelvis_tilt.KV	0.1972974	0.19312607	0.0027152322	
S00011.glut_max-pelvis_tilt.KP  	1.1010115	1.1015267	0.0069982806	
S00011.glut_max-pelvis_tilt.KV  	-0.01390263	-0.013396358	0.0023118512	
S00011.iliopsoas-pelvis_tilt.KP 	0.17590469	0.16640074	0.0097321238	
S00011.iliopsoas-pelvis_tilt.KV 	-0.044085872	-0.043318832	0.002795052	
S00011.rect_fem-pelvis_tilt.KP  	-0.99480568	-0.99782806	0.0063233735	
S00011.rect_fem-pelvis_tilt.KV  	-0.039049561	-0.039714985	0.0026208745	
S11100.iliopsoas.KL             	0.99031804	0.98975485	0.0033017604	
S11100.iliopsoas.L0             	0.81078711	0.80738542	0.0024351588	
S11100.rect_fem.KL              	0.31655272	0.31155965	0.0056292812	
S11100.rect_fem.L0              	1.2749635	1.2850701	0.010186275	
S11100.iliopsoas-pelvis_tilt.KP 	1.0053294	1.0226816	0.014345197	
S11100.iliopsoas-pelvis_tilt.KV 	0.23564025	0.23222966	0.0029461763	
S11100.iliopsoas-hamstrings.KL  	-2.7619599	-2.7585015	0.0067489793	
S11100.iliopsoas-hamstrings.L0  	0.75995227	0.7627458	0.0021442975	
S11100.hamstrings.KL            	0.18792018	0.18434724	0.0041237834	
S11100.hamstrings.L0            	1.2155994	1.2163544	0.0045687954	
S11100.bifemsh.KL               	0.86041424	0.87378693	0.010472292	
S11100.bifemsh.L0               	1.2884543	1.2846341	0.008658421	
S11100.glut_max.KL              	1.0380579	1.0343034	0.0028374922	
S11100.glut_max.L0              	0.84298832	0.84374721	0.0021153197	
