pelvis_tilt.offset                     	-0.015186202	-0.015121678	0.00016996859	
pelvis_list.offset                     	0.05608784	0.056130719	0.00018805909	
pelvis_rotation.offset                 	0.013457062	0.013029748	0.00026957104	
hip_flexion_r.offset                   	-0.10427841	-0.10401372	0.00020167637	
hip_adduction_r.offset                 	0.051088659	0.051028538	0.00016408925	
hip_rotation_r.offset                  	0.16984499	0.16983657	0.00027276069	
knee_angle_r.offset                    	0.11633905	0.11600264	0.00019068876	
ankle_angle_r.offset                   	0.17303552	0.17323247	0.00022514576	
hip_flexion_l.offset                   	-0.016173983	-0.016458444	0.00024478762	
hip_adduction_l.offset                 	0.050803457	0.050996094	0.00027020379	
hip_rotation_l.offset                  	-0.13818565	-0.1379929	0.00023565008	
knee_angle_l.offset                    	-0.048315329	-0.048271658	0.00023375037	
ankle_angle_l.offset                   	-0.053554524	-0.053811336	0.00028501025	
lumbar_extension.offset                	0.065699584	0.065747258	0.00023402034	
lumbar_bending.offset                  	-0.020283235	-0.02040812	0.00020715415	
lumbar_rotation.offset                 	-0.097451335	-0.097839515	0.00028011896	
stance_load_threshold                  	0.1902083	0.1901173	0.00070848204	
S11111.tib_ant.KL                      	0.81998326	0.81938033	0.00096631208	
S11111.tib_ant.L0                      	0.50320647	0.50442883	0.00080105344	
S11111.tib_ant.KF                      	0.65679086	0.6564549	0.00061482115	
S11111.soleus.KL                       	0.51447658	0.51613467	0.0014855136	
S11111.soleus.L0                       	0.83234116	0.83217606	0.00099855852	
S11111.soleus.KF                       	0.82592163	0.82404737	0.0022497037	
S11111.gastroc.KL                      	0.61970396	0.6185692	0.0016488259	
S11111.gastroc.L0                      	0.83634227	0.83535247	0.001304784	
S11111.gastroc.KF                      	0.86512103	0.86895895	0.0027602035	
S11111.tib_ant-soleus.KL               	-0.13543723	-0.13768786	0.0010766888	
S11111.tib_ant-soleus.KF               	-0.97347486	-0.97419273	0.00090410714	
S11111.tib_ant-gastroc.KL              	-0.12120815	-0.1208496	0.00079570639	
S11111.tib_ant-gastroc.KF              	-0.6373385	-0.63623937	0.0010364848	
S11111.soleus-tib_ant.KF               	-0.61881486	-0.61930609	0.00075182661	
S11111.gastroc-tib_ant.KF              	-0.69086488	-0.69055918	0.00075197928	
S00011.vasti.KL                        	1.401068	1.4050289	0.0035087042	
S00011.vasti.L0                        	0.44143176	0.44255934	0.00043022388	
S00011.vasti.KV                        	0.035979442	0.036167677	0.000509242	
S00011.vasti.KF                        	0.89633669	0.89614007	0.00091516368	
S00011.vasti-bifemsh.KL                	-0.85832538	-0.85963944	0.0014277785	
S00011.vasti-bifemsh.L0                	0.96663914	0.96703761	0.00058745343	
S00011.vasti-bifemsh.KV                	-0.11444536	-0.11428594	0.00058027932	
S00011.iliopsoas.KL                    	2.0712012	2.077735	0.0028619869	
S00011.iliopsoas.L0                    	0.87078885	0.86987697	0.00055478854	
S00011.rect_fem.KL                     	0.43468659	0.43388923	0.0045702501	
S00011.rect_fem.L0                     	0.94260307	0.94152862	0.0015735898	
S00011.hamstrings.KL                   	0.91672707	0.91815813	0.0029885343	
S00011.hamstrings.L0                   	0.80399337	0.80510945	0.00088834031	
S00011.hamstrings.KV                   	0.18288981	0.18264334	0.00057309998	
S00011.hamstrings-gastroc.KF           	0.24557192	0.2490096	0.0026213115	
S00011.hamstrings-gastroc.F0           	0.15963782	0.15917133	0.00062077949	
S00011.bifemsh.KL                      	0.98175399	0.98156429	0.0027685546	
S00011.bifemsh.L0                      	1.1083819	1.1122566	0.0024550168	
S00011.bifemsh.KV                      	0.052221828	0.053188038	0.00059516882	
S00011.bifemsh-gastroc.KF              	0.73529944	0.73706457	0.0032152348	
S00011.bifemsh-gastroc.F0              	0.14408991	0.14430117	0.00061947034	
S00011.glut_max.KL                     	0.34555531	0.35201713	0.0043175385	
S00011.glut_max.L0                     	0.80346121	0.80693201	0.0016404633	
S00011.hamstrings-pelvis_tilt.KP       	0.75652271	0.75976142	0.0020729034	
S00011.rect_fem-pelvis_tilt.KP         	-1.4605702	-1.4572089	0.0018100587	
S00011.glut_med.KL                     	1.6412742	1.6441642	0.0015083834	
S00011.glut_med.L0                     	0.52006802	0.5195441	0.0003778598	
S00011.glut_med.KV                     	0.40106002	0.40110367	0.0014656021	
S00011.add_mag.KL                      	1.3026198	1.3019685	0.002286315	
S00011.add_mag.L0                      	0.68861253	0.6885479	0.00065363026	
S00011.add_mag.KV                      	0.19169506	0.1918179	0.00022956576	
S00011.glut_med-pelvis_list.KP         	0.97785746	0.97504626	0.0047670909	
S00011.glut_med-pelvis_list.KV         	0.029167594	0.029421112	0.00023049649	
S00011.add_mag-pelvis_list.KP          	-0.54041418	-0.53985737	0.00063812246	
S00011.add_mag-pelvis_list.KV          	-0.015378574	-0.015162998	0.0002034186	
S11100.iliopsoas.KL                    	1.0531115	1.0546297	0.00089198582	
S11100.iliopsoas.L0                    	0.66521196	0.66483986	0.00064537559	
S11100.rect_fem.KL                     	0.4590999	0.46099185	0.0016404377	
S11100.rect_fem.L0                     	1.7538554	1.7512251	0.0029363441	
S11100.iliopsoas-pelvis_tilt.KP        	0.55000081	0.54563744	0.0040629468	
S11100.iliopsoas-hamstrings.KL         	-2.6523553	-2.6514512	0.0018202422	
S11100.iliopsoas-hamstrings.L0         	0.68655733	0.68708498	0.00066516385	
S11100.hamstrings.KL                   	0.76113691	0.76053323	0.0010908812	
S11100.hamstrings.L0                   	1.162393	1.1642234	0.0012763946	
S11100.hamstrings.KV                   	0.012784698	0.01159905	0.00061163603	
S11100.bifemsh.KL                      	0.35814765	0.36070731	0.0031025026	
S11100.bifemsh.L0                      	1.5778411	1.5765124	0.0023837521	
S11100.bifemsh.KV                      	0.035652499	0.035569037	0.00050412813	
S11100.glut_max.KL                     	1.0521928	1.0530372	0.0008114678	
S11100.glut_max.L0                     	1.0502154	1.0494388	0.00074894377	
S11100.glut_med-femur_o.KP             	0.33993242	0.34034811	0.00029184633	
S11100.glut_med-femur_o.KV             	0.1257877	0.12568738	0.00026558743	
S11100.glut_med-femur_o.C0             	-0.038410525	-0.038309841	0.00022475699	
S11100.add_mag-femur_o.KP              	-0.59145014	-0.59340173	0.0013509409	
S11100.add_mag-femur_o.KV              	-0.30012841	-0.29994189	0.00026111856	
S11100.add_mag-femur_o.C0              	-0.0022923786	-0.0024206118	0.00014130248	
lumbar_joints.lumbar_extension-torso.P0	-0.11011031	-0.11021914	4.8295642e-05	
lumbar_joints.lumbar_extension-torso.KP	159.97336	159.58507	0.41644405	
lumbar_joints.lumbar_extension-torso.KV	21.858403	21.992547	0.079746753	
lumbar_joints.lumbar_bending-torso.KP  	217.04684	217.41775	0.48182417	
lumbar_joints.lumbar_bending-torso.KV  	25.289694	25.355908	0.097227027	
lumbar_joints.lumbar_rotation-torso.KP 	283.05154	282.83474	0.57777839	
lumbar_joints.lumbar_rotation-torso.KV 	45.34764	45.410719	0.097051139	
